1776514578925 0.00046272380952380954 0
1776514826817 0.000908068257142857 1
1776515060848 0.0013219747047619047 2
1776515296312 0.001287529 3
1776515531844 0.001240372 4
1776515764247 0.001193215 5
1776515995692 0.001146058 6
1776516301118 0.0010989009999999998 7
1776516692480 0.001051744 8
1776517111936 0.001004587 9
1776517545077 0.00095743 10
1776517914461 0.000910273 11
1776518284111 0.0008631159999999999 12
1776518642154 0.0008159589999999999 13
1776519009853 0.000768802 14
1776519374810 0.0007216449999999999 15
1776519742815 0.000674488 16
1776520109541 0.000627331 17
1776520476668 0.000580174 18
1776520844991 0.0005330170000000001 19
1776521206742 0.00048586 20
1776521548369 0.00043870300000000003 21
1776521842263 0.0003915460000000001 22
1776522137689 0.00034438899999999996 23
1776522433331 0.0002972319999999999 24
1776522732030 0.00025007499999999994 25
1776523028426 0.00020291799999999998 26
1776523322186 0.00015576099999999995 27
1776523619037 0.00010860399999999998 28
1776523907474 6.1447e-05 29
