1776514578925 1.82609 0
1776514826817 1.74238 1
1776515060848 1.74139 2
1776515296312 1.73096 3
1776515531844 1.70663 4
1776515764247 1.6873 5
1776515995692 1.66364 6
1776516301118 1.67891 7
1776516692480 1.63443 8
1776517111936 1.66358 9
1776517545077 1.64322 10
1776517914461 1.63766 11
1776518284111 1.65017 12
1776518642154 1.62922 13
1776519009853 1.62658 14
1776519374810 1.6142 15
1776519742815 1.61213 16
1776520109541 1.59157 17
1776520476668 1.594 18
1776520844991 1.56412 19
1776521206742 1.5846 20
1776521548369 1.58065 21
1776521842263 1.56892 22
1776522137689 1.56043 23
1776522433331 1.55285 24
1776522732030 1.54311 25
1776523028426 1.53383 26
1776523322186 1.53514 27
1776523619037 1.53464 28
1776523907474 1.51155 29
