1776514578925 2.29016 0
1776514826817 1.35958 1
1776515060848 1.31027 2
1776515296312 1.27328 3
1776515531844 1.18844 4
1776515764247 1.1562 5
1776515995692 1.11 6
1776516301118 1.07844 7
1776516692480 1.05958 8
1776517111936 1.04831 9
1776517545077 1.02529 10
1776517914461 1.01436 11
1776518284111 1.01927 12
1776518642154 0.99754 13
1776519009853 0.98477 14
1776519374810 0.98496 15
1776519742815 0.94398 16
1776520109541 0.94085 17
1776520476668 0.93482 18
1776520844991 0.91296 19
1776521206742 0.91095 20
1776521548369 0.8928 21
1776521842263 0.87978 22
1776522137689 0.86561 23
1776522433331 0.84343 24
1776522732030 0.83393 25
1776523028426 0.83204 26
1776523322186 0.82311 27
1776523619037 0.81685 28
1776523907474 0.80569 29
