1776514578925 1.35407 0
1776514826817 1.29143 1
1776515060848 1.30324 2
1776515296312 1.30719 3
1776515531844 1.29533 4
1776515764247 1.27797 5
1776515995692 1.27515 6
1776516301118 1.27906 7
1776516692480 1.26092 8
1776517111936 1.27209 9
1776517545077 1.2706 10
1776517914461 1.26818 11
1776518284111 1.26839 12
1776518642154 1.25927 13
1776519009853 1.26384 14
1776519374810 1.25422 15
1776519742815 1.25301 16
1776520109541 1.24369 17
1776520476668 1.2398 18
1776520844991 1.23608 19
1776521206742 1.26308 20
1776521548369 1.25734 21
1776521842263 1.26176 22
1776522137689 1.25675 23
1776522433331 1.25446 24
1776522732030 1.24459 25
1776523028426 1.24818 26
1776523322186 1.24093 27
1776523619037 1.249 28
1776523907474 1.22774 29
