0 0.1109375 0.38359375 0.20390625 0.2390625
1 0.23359375 0.49609375 0.09140625 0.16484375
1 0.17421875 0.63515625 0.07578125 0.15390625
1 0.09765625 0.76484375 0.13203125 0.2203125
1 0.2171875 0.8828125 0.140625 0.234375
1 0.43984375 0.640625 0.10546875 0.171875
1 0.42890625 0.8484375 0.103125 0.23359375
1 0.5796875 0.71875 0.09921875 0.190625
1 0.44921875 0.1890625 0.04609375 0.07578125
1 0.29765625 0.22890625 0.03984375 0.05546875
1 0.26171875 0.19453125 0.05625 0.078125
1 0.35390625 0.16953125 0.03515625 0.0515625
1 0.0484375 0.93125 0.096875 0.13671875
1 0.52109375 0.11171875 0.028125 0.04296875
1 0.5484375 0.0953125 0.02421875 0.03515625
1 0.421875 0.12421875 0.02421875 0.03359375
1 0.490625 0.07578125 0.01875 0.040625
1 0.30390625 0.16953125 0.02890625 0.0390625