1 0.05 0.384375 0.09296875 0.15390625
1 0.17265625 0.30859375 0.06171875 0.0890625
1 0.240625 0.5109375 0.08515625 0.1484375
1 0.17890625 0.63671875 0.08984375 0.1609375
1 0.09296875 0.7890625 0.13828125 0.20703125
1 0.046875 0.9328125 0.09375 0.134375
1 0.31640625 0.609375 0.09765625 0.20703125
1 0.21796875 0.890625 0.13828125 0.21875
1 0.4375 0.6359375 0.09140625 0.17578125
1 0.43125 0.83828125 0.10703125 0.221875
1 0.5859375 0.73515625 0.1125 0.19296875
1 0.59375 0.89609375 0.14609375 0.20703125
1 0.365625 0.17421875 0.04140625 0.0609375
1 0.30078125 0.1703125 0.03828125 0.0515625
1 0.25859375 0.17890625 0.03671875 0.0390625
1 0.246875 0.2046875 0.03515625 0.03359375
1 0.25 0.24296875 0.05546875 0.05546875
1 0.64140625 0.26328125 0.059375 0.0796875
1 0.84296875 0.25859375 0.05390625 0.08125
1 0.47421875 0.096875 0.02578125 0.04296875
0 0.43515625 0.09296875 0.034375 0.06484375
0 0.39453125 0.1015625 0.04296875 0.08671875