1 0.39375 0.225 0.04765625 0.08515625
1 0.23671875 0.5140625 0.09609375 0.16328125
1 0.1765625 0.646875 0.09296875 0.1515625
1 0.09765625 0.778125 0.1375 0.21875
1 0.046875 0.9375 0.090625 0.125
1 0.28515625 0.71015625 0.11875 0.221875
1 0.22109375 0.9 0.13984375 0.2
1 0.4390625 0.64140625 0.09609375 0.178125
1 0.4296875 0.8484375 0.10703125 0.23359375
1 0.58515625 0.73828125 0.109375 0.190625
1 0.59296875 0.9 0.13203125 0.2
1 0.86640625 0.47578125 0.11796875 0.17421875
1 0.6828125 0.246875 0.05546875 0.078125
1 0.73828125 0.16328125 0.06953125 0.06328125
1 0.69453125 0.11171875 0.02890625 0.0390625
1 0.47265625 0.14609375 0.02578125 0.04609375
1 0.41484375 0.1515625 0.04296875 0.0515625
1 0.27890625 0.14140625 0.03984375 0.0703125
1 0.2234375 0.215625 0.040625 0.059375
1 0.20078125 0.2984375 0.05 0.078125
1 0.13359375 0.31640625 0.05390625 0.07421875
1 0.13984375 0.409375 0.075 0.09609375
1 0.06484375 0.40625 0.06640625 0.08515625
1 0.484375 0.1 0.02265625 0.040625
0 0.44296875 0.1046875 0.03984375 0.0703125
0 0.39609375 0.10703125 0.04375 0.071875
1 0.29921875 0.17421875 0.03125 0.04296875