1 0.37890625 0.2296875 0.07109375 0.109375
1 0.17734375 0.31796875 0.06796875 0.11484375
1 0.07734375 0.39140625 0.065625 0.11328125
1 0.29296875 0.42109375 0.078125 0.14453125
1 0.2390625 0.52421875 0.08125 0.15
1 0.17578125 0.65078125 0.08515625 0.1515625
1 0.090625 0.790625 0.121875 0.209375
1 0.05078125 0.93671875 0.096875 0.12578125
1 0.22265625 0.9 0.13671875 0.2
1 0.2828125 0.725 0.10703125 0.209375
1 0.440625 0.65546875 0.09453125 0.17421875
1 0.43046875 0.85625 0.09921875 0.24453125
1 0.553125 0.51171875 0.06484375 0.14609375
1 0.58515625 0.74375 0.10703125 0.18515625
1 0.59296875 0.90703125 0.13203125 0.18515625
1 0.23046875 0.16328125 0.028125 0.0390625
1 0.303125 0.18359375 0.03359375 0.0484375
1 0.453125 0.21171875 0.03359375 0.059375
0 0.421875 0.16484375 0.05546875 0.09453125
0 0.39453125 0.115625 0.04140625 0.06875
1 0.5484375 0.1390625 0.028125 0.05
1 0.58984375 0.15625 0.02578125 0.0515625
1 0.59453125 0.1234375 0.02265625 0.0390625
1 0.55703125 0.09921875 0.02109375 0.03125