1 0.04609375 0.94453125 0.09140625 0.1109375
1 0.09453125 0.79453125 0.13828125 0.190625
1 0.17890625 0.66015625 0.078125 0.15546875
1 0.23515625 0.534375 0.07890625 0.15390625
1 0.2828125 0.4484375 0.06953125 0.13515625
0 0.275 0.3265625 0.14921875 0.21484375
1 0.39453125 0.23671875 0.03828125 0.05390625
1 0.3390625 0.228125 0.03984375 0.05703125
1 0.30078125 0.196875 0.03203125 0.05703125
0 0.37109375 0.15625 0.05 0.10390625
1 0.48359375 0.1234375 0.01875 0.03515625
0 0.5734375 0.446875 0.09296875 0.221875
1 0.55859375 0.61796875 0.08046875 0.15703125
1 0.58671875 0.76328125 0.10859375 0.190625
1 0.5921875 0.9140625 0.13046875 0.171875
1 0.4390625 0.66484375 0.10078125 0.18515625
1 0.42734375 0.8703125 0.10234375 0.24609375
1 0.353125 0.54921875 0.07265625 0.16328125
1 0.28046875 0.72421875 0.12109375 0.209375
1 0.22265625 0.89921875 0.1375 0.2015625
1 0.5625 0.09453125 0.01328125 0.028125
0 0.4234375 0.11484375 0.05703125 0.0703125
1 0.403125 0.1546875 0.021875 0.03671875