1 0.05390625 0.9203125 0.10703125 0.159375
1 0.0546875 0.68828125 0.109375 0.17421875
1 0.12734375 0.76640625 0.10859375 0.1890625
1 0.2078125 0.91015625 0.12421875 0.1796875
1 0.19453125 0.628125 0.08125 0.1796875
1 0.2765625 0.73515625 0.09296875 0.19296875
1 0.4203125 0.71796875 0.08828125 0.18125
1 0.39765625 0.91171875 0.12421875 0.17578125
1 0.55390625 0.72109375 0.10234375 0.18359375
1 0.55390625 0.9046875 0.10859375 0.190625
1 0.44609375 0.56953125 0.08125 0.171875
1 0.328125 0.6203125 0.078125 0.1296875
1 0.2625 0.53671875 0.06171875 0.11640625
1 0.35390625 0.53515625 0.05546875 0.0984375
1 0.3671875 0.465625 0.05 0.0796875
1 0.39609375 0.41796875 0.04140625 0.0796875
1 0.3953125 0.36328125 0.03359375 0.04296875
1 0.29609375 0.4546875 0.05234375 0.08125
1 0.32109375 0.40078125 0.03828125 0.06328125
1 0.33359375 0.36171875 0.03515625 0.06328125
1 0.35546875 0.34296875 0.03359375 0.059375
1 0.37578125 0.30859375 0.03203125 0.04609375
1 0.42578125 0.27109375 0.059375 0.12578125
0 0.1421875 0.465625 0.21796875 0.26328125
0 0.2421875 0.35078125 0.10234375 0.18125
0 0.29765625 0.290625 0.06015625 0.121875
0 0.34921875 0.23828125 0.08671875 0.1109375
0 0.38515625 0.17890625 0.05234375 0.059375
0 0.41796875 0.14375 0.034375 0.05546875
1 0.95703125 0.51015625 0.08515625 0.121875
1 0.91015625 0.340625 0.05859375 0.0796875
1 0.58046875 0.20078125 0.03125 0.040625
1 0.54140625 0.16640625 0.021875 0.03125
1 0.55546875 0.14453125 0.02421875 0.03125
1 0.24765625 0.240625 0.03046875 0.04609375
1 0.26328125 0.1796875 0.02578125 0.04296875
1 0.21953125 0.2140625 0.02578125 0.04296875