1 0.05625 0.71484375 0.10390625 0.1703125
1 0.06171875 0.93046875 0.11875 0.1390625
1 0.1328125 0.78984375 0.1125 0.18671875
1 0.19765625 0.640625 0.08828125 0.1796875
1 0.2140625 0.9171875 0.125 0.165625
1 0.27890625 0.7546875 0.10234375 0.190625
1 0.32890625 0.634375 0.07890625 0.14453125
1 0.25703125 0.55625 0.06015625 0.10546875
1 0.2984375 0.4765625 0.04921875 0.08359375
1 0.3546875 0.54921875 0.06875 0.10703125
1 0.3703125 0.4703125 0.053125 0.07421875
1 0.44765625 0.5796875 0.078125 0.17421875
1 0.42109375 0.73203125 0.08046875 0.18125
1 0.3921875 0.92578125 0.12734375 0.1484375
1 0.55234375 0.72890625 0.090625 0.190625
1 0.5578125 0.9171875 0.11875 0.165625
1 0.7828125 0.52421875 0.090625 0.10546875
1 0.95546875 0.4890625 0.07578125 0.10390625
1 0.73828125 0.40078125 0.06796875 0.08671875
1 0.74609375 0.3265625 0.04140625 0.05703125
1 0.8125 0.36015625 0.05546875 0.08515625
1 0.78828125 0.25859375 0.04296875 0.05703125
1 0.7265625 0.2765625 0.034375 0.05390625
1 0.5828125 0.3046875 0.03203125 0.06640625
1 0.39921875 0.4296875 0.046875 0.0796875
1 0.39375 0.37578125 0.04609375 0.040625
1 0.32265625 0.42421875 0.04140625 0.0609375
1 0.3328125 0.38203125 0.03203125 0.0515625
1 0.35859375 0.35625 0.03046875 0.05546875
0 0.415625 0.3109375 0.05625 0.14609375
0 0.43046875 0.225 0.04921875 0.0515625
0 0.3515625 0.2609375 0.08359375 0.1203125
0 0.13984375 0.4984375 0.21171875 0.28125
1 0.12421875 0.37890625 0.04921875 0.0703125
1 0.2203125 0.2265625 0.025 0.03359375
1 0.26484375 0.196875 0.03359375 0.0390625
0 0.39921875 0.1640625 0.04765625 0.07421875
0 0.92578125 0.365625 0.08671875 0.1203125