1 0.44921875 0.58984375 0.08515625 0.15390625
1 0.41953125 0.753125 0.09140625 0.18125
1 0.553125 0.73671875 0.08515625 0.19296875
1 0.559375 0.92109375 0.11015625 0.15703125
1 0.396875 0.93203125 0.121875 0.13515625
1 0.2109375 0.92421875 0.125 0.1515625
1 0.06171875 0.93671875 0.11953125 0.12578125
1 0.12890625 0.79921875 0.10234375 0.15390625
1 0.0609375 0.71640625 0.11640625 0.159375
1 0.19453125 0.65546875 0.0875 0.18125
1 0.26171875 0.56328125 0.07109375 0.11640625
1 0.3296875 0.64296875 0.071875 0.14453125
1 0.2796875 0.76328125 0.096875 0.18359375
1 0.35546875 0.55859375 0.0625 0.0984375
1 0.3703125 0.48046875 0.05078125 0.07578125
1 0.29609375 0.4796875 0.05625 0.0796875
1 0.32265625 0.4265625 0.04140625 0.06875
1 0.33515625 0.38671875 0.03125 0.0484375
1 0.35859375 0.36640625 0.03359375 0.05390625
1 0.40078125 0.43515625 0.05546875 0.078125
1 0.3921875 0.38203125 0.02890625 0.03515625
0 0.41875 0.32890625 0.07109375 0.1390625
0 0.14296875 0.50703125 0.221875 0.2984375
1 0.92578125 0.78828125 0.13828125 0.19609375
0 0.87890625 0.32109375 0.05 0.09296875
1 0.96953125 0.41015625 0.06015625 0.10703125
1 0.97265625 0.31796875 0.05390625 0.0796875
1 0.74140625 0.27890625 0.03984375 0.0609375
1 0.2234375 0.23984375 0.034375 0.0484375
1 0.58046875 0.2109375 0.02421875 0.04296875
1 0.55859375 0.19453125 0.01875 0.02421875
1 0.53515625 0.18671875 0.015625 0.028125
1 0.68984375 0.18828125 0.02109375 0.03359375