1 0.56015625 0.91640625 0.10859375 0.16640625
1 0.55859375 0.734375 0.09765625 0.15703125
1 0.45390625 0.59140625 0.06640625 0.16484375
1 0.41015625 0.7296875 0.07578125 0.1390625
1 0.40234375 0.925 0.11640625 0.15
1 0.2203125 0.9203125 0.09140625 0.159375
1 0.2828125 0.76953125 0.09609375 0.171875
1 0.32578125 0.6296875 0.06015625 0.11484375
1 0.35234375 0.55078125 0.053125 0.13359375
1 0.2609375 0.5515625 0.0625 0.11640625
1 0.1953125 0.6546875 0.07265625 0.15
1 0.13359375 0.78046875 0.07734375 0.1390625
1 0.05859375 0.92109375 0.1125 0.15703125
1 0.05703125 0.70859375 0.07890625 0.13359375
0 0.42421875 0.3203125 0.07265625 0.14453125
1 0.39609375 0.4390625 0.0625 0.10390625
0 0.14609375 0.50859375 0.209375 0.2890625
1 0.9203125 0.3390625 0.04296875 0.0703125
1 0.54453125 0.19140625 0.02578125 0.0390625
0 0.26328125 0.2296875 0.0375 0.078125
1 0.22109375 0.23828125 0.02578125 0.05390625