1 0.54609375 0.91171875 0.10859375 0.17578125
1 0.5625 0.721875 0.075 0.1515625
1 0.41484375 0.74296875 0.08671875 0.14609375
1 0.40078125 0.921875 0.10390625 0.15546875
1 0.27265625 0.79140625 0.08125 0.22578125
1 0.06171875 0.90625 0.10859375 0.18671875
1 0.25859375 0.553125 0.07421875 0.128125
1 0.45625 0.5796875 0.07421875 0.14453125
0 0.428125 0.2984375 0.07734375 0.128125
1 0.37265625 0.478125 0.05703125 0.10703125
1 0.35234375 0.5453125 0.06796875 0.11328125
1 0.321875 0.63359375 0.08046875 0.178125
0 0.1109375 0.571875 0.221875 0.37421875
1 0.1765625 0.68828125 0.09765625 0.1984375
1 0.30078125 0.4734375 0.05234375 0.0984375
1 0.3234375 0.4203125 0.04453125 0.06640625
1 0.3328125 0.37421875 0.03515625 0.06328125
1 0.35390625 0.346875 0.03515625 0.06484375
1 0.80546875 0.24609375 0.04375 0.0515625
1 0.93828125 0.33203125 0.059375 0.0609375
1 0.9578125 0.290625 0.03515625 0.06328125
1 0.22109375 0.21640625 0.0375 0.0515625