1 0.0875 0.87578125 0.12734375 0.23671875
1 0.21796875 0.89921875 0.12109375 0.2015625
1 0.20234375 0.64296875 0.08671875 0.159375
1 0.30703125 0.665625 0.08359375 0.17421875
1 0.4390625 0.63828125 0.09765625 0.190625
1 0.38203125 0.909375 0.121875 0.18125
1 0.55703125 0.9 0.12265625 0.2
1 0.35390625 0.540625 0.07109375 0.121875
1 0.29921875 0.4546875 0.05546875 0.11328125
1 0.37578125 0.44609375 0.05078125 0.08359375
1 0.33046875 0.38203125 0.04609375 0.0609375
1 0.36484375 0.325 0.03359375 0.07578125
0 0.21015625 0.4 0.12734375 0.23671875
1 0.21953125 0.20390625 0.03125 0.05546875
0 0.321875 0.26796875 0.09140625 0.15546875
0 0.415625 0.31640625 0.06953125 0.1484375
1 0.3921875 0.21796875 0.03359375 0.05
1 0.6421875 0.28359375 0.03984375 0.06640625
1 0.58671875 0.22109375 0.03046875 0.0484375
1 0.68203125 0.153125 0.02421875 0.03125
1 0.96875 0.3109375 0.0625 0.06328125
1 0.4703125 0.12578125 0.01875 0.0296875