0 0.10859375 0.58359375 0.21328125 0.5
1 0.16796875 0.6609375 0.05703125 0.14453125
1 0.27578125 0.44453125 0.06015625 0.1015625
0 0.28515625 0.64609375 0.17890625 0.46484375
0 0.371875 0.40546875 0.10546875 0.22421875
1 0.359375 0.215625 0.03359375 0.05390625
1 0.25703125 0.2109375 0.02890625 0.0515625
1 0.22265625 0.18671875 0.03203125 0.03671875
0 0.4734375 0.30859375 0.05546875 0.1296875
1 0.43828125 0.2484375 0.03203125 0.0609375
1 0.45703125 0.19140625 0.02421875 0.040625
1 0.43359375 0.14609375 0.02109375 0.03359375
1 0.71328125 0.49375 0.0875 0.11875
1 0.8296875 0.5046875 0.08359375 0.11484375
1 0.853125 0.43515625 0.08203125 0.11484375
1 0.871875 0.63125 0.1 0.16328125
1 0.55078125 0.11796875 0.02109375 0.03125
1 0.46484375 0.11953125 0.02109375 0.0296875
1 0.959375 0.2640625 0.05234375 0.07421875