1 0.03515625 0.44140625 0.05703125 0.07421875
1 0.08828125 0.4859375 0.06953125 0.09296875
1 0.1484375 0.540625 0.09609375 0.12578125
1 0.26484375 0.63203125 0.134375 0.16484375
1 0.43828125 0.79921875 0.203125 0.25546875
1 0.13515625 0.43671875 0.06484375 0.07421875
1 0.65390625 0.56015625 0.15546875 0.13515625
1 0.77578125 0.525 0.14921875 0.15390625
1 0.66640625 0.428125 0.128125 0.09609375
1 0.59140625 0.4609375 0.121875 0.09296875
1 0.44453125 0.4109375 0.084375 0.08125
1 0.51015625 0.38203125 0.09140625 0.0703125
0 0.3625 0.54453125 0.41484375 0.38671875
0 0.07578125 0.36171875 0.14609375 0.140625
0 0.28828125 0.32421875 0.18359375 0.14453125
1 0.5484375 0.221875 0.05 0.04296875
1 0.36796875 0.18359375 0.03828125 0.03515625
1 0.44921875 0.1984375 0.03671875 0.04296875
1 0.28203125 0.18515625 0.0375 0.040625
0 0.8015625 0.7890625 0.396875 0.421875
0 0.9125 0.465625 0.175 0.240625