1 0.11171875 0.50703125 0.08671875 0.1
1 0.26171875 0.65078125 0.13125 0.18125
1 0.03828125 0.44375 0.05625 0.07578125
0 0.07734375 0.36484375 0.14609375 0.128125
1 0.134375 0.43359375 0.05703125 0.0796875
1 0.58203125 0.88515625 0.23125 0.2296875
0 0.29453125 0.325 0.16953125 0.13671875
1 0.4421875 0.40703125 0.07734375 0.0796875
1 0.51015625 0.38125 0.08515625 0.0796875
1 0.58984375 0.45703125 0.11484375 0.11328125
1 0.66796875 0.4359375 0.125 0.09609375
1 0.7734375 0.515625 0.14765625 0.1390625
1 0.72421875 0.31328125 0.08828125 0.078125
1 0.83984375 0.2984375 0.08515625 0.0703125
1 0.67265625 0.28046875 0.07109375 0.0609375
1 0.54921875 0.2203125 0.04765625 0.040625
1 0.4546875 0.19921875 0.03359375 0.03359375
1 0.3671875 0.1890625 0.04375 0.03515625
1 0.28125 0.18203125 0.03828125 0.03359375
0 0.36796875 0.546875 0.41640625 0.4390625
0 0.803125 0.7671875 0.39375 0.465625
0 0.909375 0.44765625 0.18125 0.2140625