1 0.22109375 0.625 0.11875 0.15390625
1 0.08046875 0.48359375 0.07734375 0.12421875
1 0.1359375 0.43828125 0.05625 0.0796875
0 0.36640625 0.55 0.41015625 0.4109375
1 0.4453125 0.41484375 0.08046875 0.078125
0 0.2921875 0.33125 0.165625 0.14296875
1 0.509375 0.39140625 0.08203125 0.07578125
1 0.58984375 0.4703125 0.12265625 0.0984375
1 0.66796875 0.440625 0.12734375 0.10390625
1 0.7703125 0.53046875 0.14453125 0.140625
1 0.51484375 0.86953125 0.23984375 0.2484375
0 0.8078125 0.78515625 0.384375 0.40390625
1 0.66953125 0.29453125 0.090625 0.06484375
1 0.48671875 0.278125 0.065625 0.059375
1 0.42734375 0.2453125 0.05078125 0.04609375
1 0.34765625 0.225 0.03984375 0.04296875
1 0.29765625 0.2390625 0.03671875 0.040625
1 0.609375 0.26328125 0.059375 0.05390625
1 0.55234375 0.22578125 0.05390625 0.04453125
1 0.45078125 0.203125 0.03515625 0.03515625
1 0.365625 0.1890625 0.03984375 0.02421875
1 0.28515625 0.18984375 0.03359375 0.040625
1 0.92109375 0.321875 0.096875 0.078125
0 0.909375 0.459375 0.18125 0.21484375