0 0.07890625 0.35859375 0.14453125 0.1109375
0 0.16484375 0.53046875 0.22578125 0.29609375
1 0.50078125 0.85703125 0.21875 0.2703125
0 0.43203125 0.57109375 0.29140625 0.31875
1 0.44765625 0.4140625 0.096875 0.078125
0 0.29140625 0.33203125 0.16484375 0.14296875
1 0.50546875 0.38828125 0.08984375 0.08671875
1 0.53828125 0.3234375 0.08203125 0.07578125
1 0.67109375 0.43671875 0.12421875 0.09609375
1 0.6 0.47109375 0.13828125 0.10390625
1 0.77578125 0.52578125 0.15234375 0.14453125
1 0.7734375 0.32421875 0.08515625 0.0703125
1 0.35703125 0.23203125 0.04921875 0.03515625
1 0.27734375 0.2015625 0.06015625 0.06640625
1 0.36875 0.1890625 0.03984375 0.03515625
1 0.78046875 0.28515625 0.08203125 0.05546875
1 0.478125 0.2703125 0.053125 0.04609375
1 0.46171875 0.24140625 0.05546875 0.0390625
1 0.4859375 0.2109375 0.128125 0.07578125
0 0.803125 0.77265625 0.390625 0.4546875
0 0.909375 0.459375 0.18125 0.25625
0 0.396875 0.32421875 0.13828125 0.159375