0 0.07421875 0.37109375 0.14609375 0.13515625
1 0.13671875 0.44140625 0.0625 0.09609375
1 0.21015625 0.609375 0.13359375 0.16875
1 0.44296875 0.4109375 0.08203125 0.090625
0 0.29609375 0.33125 0.16328125 0.13515625
1 0.50703125 0.38359375 0.10078125 0.090625
1 0.5875 0.46484375 0.11796875 0.1109375
1 0.67265625 0.42890625 0.128125 0.109375
1 0.77265625 0.52109375 0.14921875 0.14453125
1 0.28203125 0.225 0.0375 0.03359375
1 0.5515625 0.225 0.05 0.04296875
1 0.36875 0.1859375 0.03671875 0.03515625
0 0.3671875 0.5546875 0.39921875 0.42421875
0 0.90546875 0.4609375 0.18828125 0.28125
0 0.75546875 0.84609375 0.48828125 0.30703125