0 0.42890625 0.571875 0.32421875 0.38671875
1 0.13984375 0.44140625 0.06328125 0.09296875
0 0.07421875 0.35703125 0.146875 0.128125
0 0.29765625 0.33359375 0.17421875 0.1296875
1 0.446875 0.40625 0.10703125 0.1
1 0.5109375 0.3765625 0.08671875 0.08359375
1 0.59609375 0.45078125 0.12578125 0.1203125
1 0.67265625 0.42578125 0.1125 0.10703125
1 0.7765625 0.5203125 0.15234375 0.13359375
1 0.54765625 0.2203125 0.05234375 0.0515625
1 0.28203125 0.18203125 0.04140625 0.040625
1 0.37109375 0.18359375 0.03984375 0.040625
1 0.4484375 0.19296875 0.04296875 0.04453125
0 0.80625 0.7921875 0.3875 0.415625
0 0.9125 0.45546875 0.175 0.2171875