1 0.13515625 0.43125 0.06484375 0.090625
0 0.36015625 0.55625 0.40859375 0.4109375
0 0.0765625 0.36484375 0.14765625 0.15390625
0 0.296875 0.3265625 0.17734375 0.14453125
1 0.44453125 0.4046875 0.0875 0.08359375
1 0.51171875 0.36875 0.08046875 0.08359375
1 0.5953125 0.45859375 0.11796875 0.1109375
1 0.6765625 0.43046875 0.11796875 0.09609375
1 0.775 0.52578125 0.15703125 0.13359375
1 0.55 0.2109375 0.05625 0.04296875
1 0.36328125 0.17578125 0.03984375 0.03671875
1 0.45234375 0.1953125 0.0375 0.04453125
1 0.28203125 0.18203125 0.03984375 0.03359375
1 0.053125 0.24609375 0.028125 0.03515625
0 0.8109375 0.78046875 0.378125 0.4390625
0 0.91015625 0.45 0.17890625 0.23359375