1 0.13984375 0.43828125 0.06640625 0.0890625
0 0.37265625 0.5484375 0.425 0.40390625
0 0.29296875 0.3234375 0.15859375 0.13515625
1 0.44140625 0.40078125 0.08515625 0.08515625
1 0.50390625 0.36640625 0.09375 0.08515625
1 0.59296875 0.45625 0.128125 0.11640625
1 0.67890625 0.421875 0.12421875 0.090625
1 0.77421875 0.5140625 0.14921875 0.13359375
1 0.55078125 0.21015625 0.05078125 0.04609375
1 0.0828125 0.2203125 0.03046875 0.04296875
1 0.36640625 0.17890625 0.03671875 0.03359375
1 0.2828125 0.1765625 0.03515625 0.04296875
0 0.81875 0.78046875 0.3625 0.4359375
0 0.90859375 0.43984375 0.18203125 0.2390625