0 0.46796875 0.61484375 0.54609375 0.4984375
1 0.1671875 0.55625 0.096875 0.13671875
1 0.13828125 0.43671875 0.07109375 0.08359375
0 0.07265625 0.36875 0.1453125 0.140625
1 0.44609375 0.40078125 0.10390625 0.08515625
1 0.51484375 0.37421875 0.08671875 0.0890625
1 0.60078125 0.4515625 0.13359375 0.109375
1 0.71484375 0.42421875 0.13203125 0.10390625
1 0.775 0.49921875 0.159375 0.14453125
0 0.29609375 0.33046875 0.16796875 0.13359375
1 0.05703125 0.265625 0.03203125 0.040625
1 0.36875 0.175 0.03359375 0.03515625