1 0.35390625 0.39921875 0.08515625 0.090625
1 0.22734375 0.4203125 0.08515625 0.090625
1 0.23828125 0.58125 0.1125 0.1296875
1 0.46796875 0.78125 0.196875 0.2203125
1 0.621875 0.3265625 0.09765625 0.090625
1 0.51796875 0.23671875 0.06328125 0.05
1 0.36171875 0.21953125 0.04921875 0.04296875
0 0.42421875 0.19296875 0.15234375 0.07578125
1 0.54921875 0.19609375 0.05625 0.03671875
1 0.28046875 0.16875 0.0375 0.03671875
1 0.15546875 0.2609375 0.04375 0.0515625
1 0.034375 0.403125 0.053125 0.0703125
1 0.021875 0.33671875 0.03828125 0.05703125
1 0.03203125 0.29296875 0.0375 0.0515625
1 0.05078125 0.259375 0.03046875 0.059375