1 0.18046875 0.50390625 0.10546875 0.14609375
1 0.0890625 0.41015625 0.06328125 0.1203125
1 0.48828125 0.81015625 0.23671875 0.23125
1 0.79296875 0.6859375 0.22265625 0.18359375
1 0.75703125 0.48515625 0.15625 0.13515625
0 0.37265625 0.1859375 0.12109375 0.0796875
1 0.55390625 0.1953125 0.05234375 0.0390625
1 0.17109375 0.2203125 0.028125 0.03671875
0 0.22265625 0.178125 0.07890625 0.0609375
0 0.9484375 0.23984375 0.103125 0.1421875
1 0.02421875 0.3421875 0.0484375 0.06875
1 0.14140625 0.21328125 0.02734375 0.040625