1 0.41953125 0.4953125 0.12421875 0.14453125
1 0.41796875 0.71328125 0.18828125 0.23125
1 0.1875 0.54375 0.109375 0.14453125
1 0.05234375 0.43515625 0.06015625 0.08671875
1 0.01953125 0.375 0.0390625 0.06875
1 0.25390625 0.3 0.059375 0.0703125
1 0.61875 0.28984375 0.09296875 0.08359375
1 0.80078125 0.675 0.234375 0.21484375
1 0.834375 0.89609375 0.33125 0.20703125
0 0.29296875 0.17421875 0.09609375 0.07421875
1 0.94765625 0.265625 0.10078125 0.08359375
1 0.71328125 0.20390625 0.06171875 0.05
1 0.5484375 0.19375 0.05625 0.0515625
1 0.45390625 0.16875 0.040625 0.04609375
1 0.36953125 0.16328125 0.03984375 0.03125
1 0.09921875 0.23203125 0.03984375 0.04296875
1 0.02265625 0.28046875 0.03203125 0.05