1 0.15078125 0.53203125 0.09140625 0.12421875
1 0.071875 0.4453125 0.075 0.08515625
1 0.28125 0.628125 0.1375 0.16328125
1 0.58203125 0.58203125 0.16875 0.17421875
1 0.52265625 0.84453125 0.21484375 0.25390625
1 0.790625 0.68984375 0.20625 0.22578125
1 0.4875 0.234375 0.071875 0.06875
1 0.66796875 0.203125 0.05703125 0.05703125
1 0.2609375 0.24140625 0.05078125 0.05
1 0.1109375 0.25390625 0.040625 0.0484375
1 0.284375 0.16328125 0.03515625 0.04296875
1 0.37109375 0.15859375 0.03359375 0.0484375
1 0.45390625 0.17421875 0.034375 0.03125
1 0.55234375 0.1953125 0.05 0.04453125
1 0.19296875 0.18359375 0.03125 0.03515625