1 0.11328125 0.240625 0.03984375 0.04609375
1 0.07265625 0.20859375 0.025 0.03359375
1 0.0390625 0.21875 0.02890625 0.0296875
1 0.40546875 0.38671875 0.10078125 0.109375
1 0.36015625 0.70390625 0.16171875 0.1890625
1 0.58515625 0.5703125 0.16484375 0.16875
1 0.64765625 0.9 0.259375 0.2
1 0.78984375 0.69453125 0.21171875 0.1984375
1 0.85859375 0.5046875 0.184375 0.17578125
1 0.51484375 0.259375 0.08671875 0.08359375
1 0.42734375 0.27578125 0.06484375 0.059375
0 0.29765625 0.27578125 0.20078125 0.1390625
1 0.31953125 0.20625 0.05 0.03359375
1 0.36953125 0.16484375 0.03515625 0.028125
1 0.2859375 0.16796875 0.03359375 0.03125
1 0.66328125 0.2 0.06640625 0.0515625
1 0.54921875 0.18671875 0.05390625 0.04609375
1 0.82421875 0.25546875 0.103125 0.071875