1 0.25390625 0.43828125 0.09609375 0.090625
1 0.2609375 0.3203125 0.06015625 0.06640625
1 0.4375 0.33828125 0.08125 0.0703125
1 0.540625 0.41328125 0.11875 0.109375
1 0.665625 0.61875 0.19296875 0.16875
1 0.8859375 0.5859375 0.21640625 0.21484375
1 0.65546875 0.2015625 0.065625 0.05
1 0.55078125 0.18828125 0.05234375 0.040625
1 0.45546875 0.16796875 0.040625 0.04296875
1 0.35078125 0.19453125 0.03828125 0.040625
1 0.13125 0.27109375 0.034375 0.04453125
1 0.06171875 0.24296875 0.02265625 0.03671875
1 0.23046875 0.18828125 0.028125 0.040625
1 0.28515625 0.16171875 0.03359375 0.03359375
1 0.36875 0.159375 0.03515625 0.040625
0 0.88203125 0.40390625 0.23515625 0.23671875