1 0.37734375 0.4015625 0.09453125 0.0984375
1 0.03515625 0.39140625 0.06953125 0.10703125
1 0.1453125 0.275 0.03984375 0.0515625
1 0.48828125 0.3953125 0.10234375 0.09609375
1 0.51015625 0.34921875 0.090625 0.0703125
1 0.6734375 0.4 0.121875 0.08359375
1 0.6765625 0.46796875 0.13984375 0.09609375
1 0.69765625 0.31328125 0.09609375 0.0703125
1 0.69453125 0.24609375 0.08203125 0.06328125
1 0.5015625 0.1953125 0.05078125 0.0515625
1 0.553125 0.19140625 0.04140625 0.03671875
1 0.36875 0.16015625 0.03515625 0.03125
1 0.28203125 0.16640625 0.03203125 0.03359375
1 0.4546875 0.16953125 0.03125 0.0390625
1 0.88125 0.5796875 0.2375 0.23671875
0 0.89453125 0.4140625 0.21015625 0.25390625