1 0.4015625 0.359375 0.084375 0.0890625
1 0.503125 0.39609375 0.09453125 0.0984375
1 0.54296875 0.35546875 0.08828125 0.08515625
1 0.6734375 0.38984375 0.121875 0.08125
1 0.67421875 0.4484375 0.12890625 0.09609375
1 0.62109375 0.503125 0.14375 0.13515625
1 0.8921875 0.5859375 0.215625 0.24609375
1 0.89609375 0.24375 0.096875 0.0703125
1 0.5515625 0.18203125 0.05 0.04296875
1 0.45546875 0.165625 0.046875 0.0484375
1 0.36796875 0.15625 0.03515625 0.0296875
1 0.28515625 0.16171875 0.034375 0.03359375
1 0.23359375 0.17578125 0.02890625 0.028125
1 0.15859375 0.17890625 0.02734375 0.0296875
0 0.896875 0.38359375 0.20625 0.1984375