1 0.35703125 0.3109375 0.0875 0.15
1 0.48671875 0.22109375 0.06328125 0.09453125
1 0.57421875 0.196875 0.05625 0.08359375
1 0.63203125 0.16015625 0.04765625 0.08359375
1 0.640625 0.5953125 0.12734375 0.25546875
1 0.7625 0.4453125 0.11328125 0.1609375
1 0.05859375 0.45703125 0.11484375 0.18125
1 0.21484375 0.165625 0.06328125 0.090625
1 0.41640625 0.10078125 0.03671875 0.08125
0 0.34296875 0.1265625 0.08125 0.1484375
1 0.56796875 0.121875 0.03515625 0.06640625
1 0.60078125 0.084375 0.02890625 0.06484375
1 0.6390625 0.07578125 0.02890625 0.059375
0 0.76328125 0.203125 0.1625 0.26328125
0 0.46015625 0.05703125 0.0546875 0.1140625