1 0.6125 0.45390625 0.10859375 0.18515625
1 0.47734375 0.17890625 0.05 0.0796875
1 0.57578125 0.1359375 0.04375 0.06875
1 0.2359375 0.359375 0.090625 0.140625
0 0.11953125 0.3140625 0.22734375 0.3796875
0 0.28671875 0.12578125 0.09921875 0.14296875
1 0.39453125 0.10859375 0.03828125 0.05390625
1 0.42421875 0.059375 0.02734375 0.04296875
1 0.55390625 0.053125 0.02890625 0.05703125
1 0.60703125 0.05859375 0.028125 0.04453125
1 0.91015625 0.81953125 0.175 0.35
0 0.87734375 0.31015625 0.24140625 0.440625
0 0.7015625 0.225 0.14140625 0.28671875
0 0.46484375 0.06015625 0.059375 0.11484375