1 0.27421875 0.36328125 0.09609375 0.16875
1 0.31328125 0.18671875 0.05859375 0.1015625
1 0.46953125 0.15546875 0.05859375 0.0796875
1 0.55234375 0.1515625 0.05703125 0.08359375
1 0.60390625 0.309375 0.08046875 0.13125
1 0.65859375 0.2203125 0.06640625 0.0984375
1 0.75390625 0.42578125 0.128125 0.18359375
1 0.753125 0.8578125 0.209375 0.284375
0 0.77890625 0.19921875 0.175 0.24453125
1 0.89375 0.0890625 0.08984375 0.06484375
1 0.61640625 0.10546875 0.03828125 0.0609375
1 0.5484375 0.07421875 0.0375 0.0515625
1 0.61796875 0.0546875 0.028125 0.04609375
1 0.36484375 0.08125 0.03125 0.05703125
1 0.334375 0.05625 0.03359375 0.04609375
0 0.15859375 0.2 0.16953125 0.25546875
0 0.46015625 0.05078125 0.05390625 0.08671875