1 0.48828125 0.37109375 0.075 0.1484375
1 0.62421875 0.3640625 0.08203125 0.14296875
1 0.74765625 0.38984375 0.1125 0.16328125
1 0.67109375 0.559375 0.11015625 0.190625
1 0.52578125 0.73828125 0.13515625 0.32578125
1 0.74921875 0.8953125 0.18671875 0.209375
1 0.88515625 0.740625 0.22890625 0.32421875
0 0.9015625 0.36015625 0.196875 0.4046875
1 0.2859375 0.04921875 0.03515625 0.04296875
1 0.4046875 0.03671875 0.02578125 0.0515625
1 0.215625 0.0703125 0.03203125 0.0484375
1 0.32265625 0.05078125 0.02734375 0.04296875
1 0.35859375 0.04921875 0.02734375 0.0484375