1 0.21171875 0.065625 0.03828125 0.059375
1 0.2859375 0.046875 0.034375 0.0390625
1 0.3234375 0.04453125 0.03515625 0.05703125
1 0.35859375 0.04375 0.034375 0.03515625
1 0.4046875 0.03671875 0.02578125 0.04453125
1 0.10546875 0.21171875 0.07265625 0.06875
1 0.48515625 0.36484375 0.09140625 0.15703125
1 0.6234375 0.36796875 0.090625 0.13515625
1 0.74609375 0.38671875 0.11640625 0.16875
1 0.67109375 0.56015625 0.115625 0.19609375
1 0.88515625 0.74609375 0.228125 0.35546875
1 0.74453125 0.89140625 0.19375 0.21640625
1 0.52734375 0.73515625 0.13984375 0.30703125
0 0.8953125 0.359375 0.209375 0.39609375