1 0.21484375 0.065625 0.03046875 0.05546875
1 0.28828125 0.04375 0.03203125 0.03515625
1 0.32265625 0.046875 0.03359375 0.04453125
1 0.359375 0.04140625 0.02734375 0.04453125
1 0.40234375 0.03671875 0.03203125 0.0609375
1 0.44375 0.0265625 0.03125 0.053125
1 0.6109375 0.11640625 0.10234375 0.07578125
1 0.72890625 0.0484375 0.084375 0.06484375
1 0.48671875 0.36953125 0.08125 0.15546875
1 0.62109375 0.3640625 0.096875 0.14609375
1 0.75078125 0.38828125 0.10859375 0.16484375
1 0.6765625 0.5515625 0.10859375 0.19296875
1 0.521875 0.73125 0.1375 0.309375
1 0.74609375 0.896875 0.19453125 0.20546875
1 0.8859375 0.74453125 0.21953125 0.3515625
0 0.9 0.33203125 0.2 0.3390625