1 0.21484375 0.06484375 0.03203125 0.05390625
1 0.2875 0.05 0.028125 0.040625
1 0.32421875 0.0484375 0.028125 0.0484375
1 0.35859375 0.040625 0.02734375 0.04296875
1 0.40234375 0.0390625 0.02890625 0.05
1 0.48671875 0.365625 0.08203125 0.159375
1 0.6234375 0.3609375 0.08828125 0.140625
1 0.74609375 0.390625 0.11484375 0.159375
1 0.66875 0.55 0.11875 0.19609375
1 0.52109375 0.728125 0.140625 0.31640625
1 0.74609375 0.89609375 0.18984375 0.20703125
1 0.8828125 0.73515625 0.234375 0.3265625
0 0.89140625 0.328125 0.21640625 0.41875