1 0.04765625 0.43359375 0.09453125 0.178125
1 0.21171875 0.0609375 0.02734375 0.04609375
1 0.2875 0.04375 0.03828125 0.040625
1 0.32109375 0.04140625 0.03046875 0.040625
1 0.35703125 0.0390625 0.028125 0.0484375
1 0.40390625 0.034375 0.03046875 0.04296875
1 0.4453125 0.0265625 0.025 0.053125
1 0.74140625 0.38671875 0.11484375 0.15703125
1 0.66484375 0.55078125 0.121875 0.190625
1 0.5265625 0.72890625 0.13828125 0.33359375
1 0.48515625 0.36015625 0.084375 0.16875
1 0.62109375 0.359375 0.09296875 0.140625
1 0.74609375 0.89765625 0.1859375 0.2046875
1 0.88359375 0.73984375 0.225 0.3515625
1 0.96484375 0.05703125 0.06328125 0.0515625
1 0.96484375 0.109375 0.06953125 0.0484375
0 0.81953125 0.23515625 0.28359375 0.43359375