1 0.09609375 0.45625 0.14921875 0.19296875
1 0.30234375 0.26796875 0.075 0.1203125
1 0.2171875 0.19375 0.06796875 0.0984375
1 0.2328125 0.11640625 0.05 0.06328125
1 0.18671875 0.075 0.04921875 0.06328125
1 0.23671875 0.05 0.028125 0.05703125
1 0.27421875 0.05625 0.028125 0.05390625
1 0.29140625 0.09453125 0.03671875 0.05546875
1 0.3140625 0.1484375 0.04375 0.071875
1 0.3796875 0.08671875 0.040625 0.0703125
1 0.44296875 0.0515625 0.03828125 0.0609375
1 0.48671875 0.3703125 0.08515625 0.15390625
1 0.5171875 0.67421875 0.1375 0.28515625
1 0.628125 0.44375 0.109375 0.18125
1 0.80859375 0.53671875 0.153125 0.23125
1 0.7421875 0.9125 0.190625 0.175
1 0.85703125 0.36015625 0.13359375 0.16328125
1 0.69765625 0.2890625 0.09375 0.128125
1 0.56796875 0.19609375 0.06640625 0.10390625
1 0.69765625 0.14140625 0.065625 0.08359375
1 0.79296875 0.06953125 0.06796875 0.06875
0 0.6390625 0.03671875 0.071875 0.0734375
1 0.57734375 0.05625 0.03203125 0.05390625
1 0.54765625 0.1046875 0.04296875 0.06328125
1 0.53359375 0.028125 0.02421875 0.040625
1 0.409375 0.028125 0.028125 0.04453125
1 0.35234375 0.05 0.03046875 0.040625