1 0.27578125 0.3234375 0.08125 0.1390625
1 0.078125 0.35546875 0.1 0.15390625
1 0.48359375 0.36953125 0.09375 0.16640625
1 0.5921875 0.275 0.08203125 0.1203125
1 0.7 0.26796875 0.09609375 0.15390625
1 0.51953125 0.6359375 0.12421875 0.2609375
1 0.70078125 0.7453125 0.19140625 0.35703125
1 0.89375 0.734375 0.2125 0.36875
1 0.48671875 0.9109375 0.16953125 0.178125
1 0.95625 0.29375 0.0875 0.14453125
1 0.6984375 0.134375 0.05546875 0.08125
1 0.77421875 0.06640625 0.06640625 0.0609375
1 0.66171875 0.0609375 0.046875 0.059375
1 0.60625 0.09140625 0.040625 0.04296875
1 0.61796875 0.165625 0.053125 0.07421875
1 0.46484375 0.0859375 0.04296875 0.07578125
1 0.53203125 0.028125 0.03203125 0.05
1 0.575 0.02578125 0.03359375 0.040625
1 0.63203125 0.0234375 0.040625 0.04609375
1 0.303125 0.1859375 0.059375 0.0984375
1 0.37109375 0.153125 0.04609375 0.08125
1 0.25546875 0.0796875 0.04765625 0.05
1 0.19921875 0.1296875 0.05390625 0.071875
1 0.21640625 0.2203125 0.065625 0.09609375
1 0.11875 0.22109375 0.05859375 0.10703125