1 0.5265625 0.63515625 0.128125 0.29296875
1 0.48671875 0.36171875 0.10078125 0.18671875
1 0.61171875 0.33984375 0.103125 0.2203125
1 0.6765625 0.2359375 0.0875 0.1609375
1 0.8234375 0.28125 0.12265625 0.16328125
1 0.9453125 0.49921875 0.109375 0.1328125
0 0.93203125 0.796875 0.13515625 0.40546875
1 0.9625 0.27890625 0.075 0.190625
1 0.78359375 0.06328125 0.07890625 0.09296875
1 0.61328125 0.10078125 0.05078125 0.08515625
1 0.546875 0.10703125 0.05703125 0.07421875
1 0.46328125 0.08828125 0.059375 0.090625
1 0.31953125 0.31015625 0.103125 0.15703125
0 0.27265625 0.16015625 0.14140625 0.209375
0 0.275 0.0390625 0.10390625 0.06328125
1 0.1578125 0.171875 0.0625 0.0890625
1 0.0671875 0.25546875 0.07109375 0.10703125
1 0.0578125 0.74375 0.09375 0.33359375
1 0.50859375 0.909375 0.20625 0.18125