0 0.309375 0.30078125 0.19375 0.31328125
1 0.2328125 0.25 0.0875 0.12421875
1 0.11953125 0.24921875 0.078125 0.13125
1 0.159375 0.15 0.053125 0.1
0 0.2546875 0.0890625 0.09140625 0.16328125
1 0.30859375 0.125 0.05625 0.08671875
1 0.34296875 0.07890625 0.0375 0.071875
1 0.40234375 0.084375 0.046875 0.0515625
1 0.46015625 0.07578125 0.05 0.08515625
1 0.57109375 0.15390625 0.06015625 0.10390625
1 0.48984375 0.3796875 0.10078125 0.1515625
1 0.52578125 0.6296875 0.12265625 0.26640625
1 0.49140625 0.91015625 0.14609375 0.1796875
1 0.74375 0.78984375 0.22421875 0.40703125
1 0.77890625 0.4609375 0.128125 0.221875
1 0.80234375 0.27578125 0.11015625 0.1515625
1 0.71796875 0.1796875 0.0875 0.10703125
1 0.69453125 0.115625 0.06796875 0.08671875
1 0.790625 0.05390625 0.10703125 0.10703125
1 0.9609375 0.28046875 0.078125 0.15390625
1 0.9546875 0.609375 0.090625 0.29375
0 0.61484375 0.05859375 0.065625 0.11640625