1 0.10625 0.33203125 0.08984375 0.15
1 0.07109375 0.23203125 0.06875 0.0984375
0 0.23984375 0.10703125 0.10390625 0.18515625
0 0.34609375 0.15859375 0.11796875 0.23671875
1 0.48515625 0.375 0.09765625 0.21328125
1 0.528125 0.63984375 0.10703125 0.26484375
1 0.49140625 0.90546875 0.165625 0.1890625
1 0.06953125 0.578125 0.1390625 0.25625
1 0.66484375 0.5140625 0.140625 0.2390625
1 0.65859375 0.21484375 0.0875 0.15546875
1 0.53671875 0.13515625 0.07265625 0.12578125
1 0.4609375 0.08984375 0.0625 0.08125
1 0.5875 0.10546875 0.04453125 0.08515625
1 0.64140625 0.0796875 0.04921875 0.08515625
1 0.78125 0.05859375 0.08046875 0.09296875
0 0.890625 0.50390625 0.21875 0.7640625
1 0.51796875 0.021875 0.0421875 0.04375
1 0.578125 0.03671875 0.046875 0.06875
1 0.978125 0.0546875 0.04375 0.08125