1 0.50703125 0.73515625 0.12109375 0.36328125
1 0.48671875 0.36328125 0.096875 0.19296875
1 0.546875 0.240625 0.09609375 0.13671875
1 0.95703125 0.27421875 0.08515625 0.14453125
1 0.7890625 0.0546875 0.07265625 0.05390625
1 0.9671875 0.059375 0.065625 0.0875
1 0.46796875 0.08671875 0.05234375 0.08515625
1 0.584375 0.03125 0.084375 0.0625
1 0.5203125 0.028125 0.04609375 0.05546875
1 0.41015625 0.03671875 0.04609375 0.06875
0 0.32578125 0.053125 0.09453125 0.10546875
1 0.0203125 0.4765625 0.040625 0.19453125