0 0.278125 0.084375 0.10703125 0.15
1 0.3875 0.07109375 0.05546875 0.07578125
1 0.45625 0.0703125 0.07421875 0.0890625
1 0.46484375 0.15859375 0.090625 0.08359375
1 0.6125 0.16015625 0.084375 0.09296875
1 0.49375 0.36640625 0.11171875 0.16328125
1 0.50390625 0.55546875 0.12734375 0.2109375
1 0.959375 0.234375 0.08125 0.15
1 0.965625 0.13125 0.06875 0.109375
1 0.85859375 0.0609375 0.09921875 0.07421875
1 0.63203125 0.034375 0.04296875 0.06875
1 0.18203125 0.10546875 0.05859375 0.08515625
1 0.96875 0.05078125 0.0625 0.08359375