1 0.27265625 0.23125 0.15703125 0.11484375
1 0.43828125 0.60390625 0.20703125 0.21484375
1 0.55859375 0.715625 0.22109375 0.21328125
1 0.78515625 0.7546875 0.259375 0.22578125
1 0.21796875 0.95 0.33046875 0.1
1 0.0703125 0.90703125 0.140625 0.18515625
1 0.0609375 0.23125 0.121875 0.10546875
1 0.72421875 0.159375 0.08984375 0.08515625
1 0.57578125 0.15 0.10078125 0.090625
1 0.66328125 0.15 0.06171875 0.10390625
1 0.9390625 0.15390625 0.109375 0.11640625
1 0.97421875 0.10078125 0.05078125 0.09453125