1 0.45703125 0.60546875 0.2125 0.24453125
1 0.56328125 0.721875 0.23046875 0.2484375
1 0.7875 0.73984375 0.22265625 0.24609375
1 0.3203125 0.9015625 0.35859375 0.19609375
1 0.15078125 0.8390625 0.3015625 0.303125
1 0.86015625 0.18359375 0.14609375 0.12578125
1 0.56328125 0.15625 0.09921875 0.12421875
1 0.72734375 0.1640625 0.06953125 0.090625
1 0.66796875 0.15078125 0.06015625 0.07578125
1 0.63203125 0.12421875 0.053125 0.08125
1 0.978125 0.11328125 0.04375 0.09609375
1 0.934375 0.14140625 0.06328125 0.08359375
1 0.9125 0.084375 0.05078125 0.03515625
1 0.85859375 0.10546875 0.05078125 0.03515625