1 0.72109375 0.7359375 0.134375 0.34609375
0 0.63359375 0.29296875 0.11640625 0.25546875
0 0.74375 0.125 0.04453125 0.08671875
0 0.9609375 0.2203125 0.06953125 0.1484375
1 0.81796875 0.11953125 0.04921875 0.06640625
1 0.8515625 0.11796875 0.03828125 0.05703125
1 0.88984375 0.1046875 0.03984375 0.0609375
0 0.765625 0.03671875 0.06875 0.0734375
0 0.83828125 0.05625 0.053125 0.09453125
0 0.88828125 0.03984375 0.046875 0.0796875
1 0.96328125 0.06640625 0.03359375 0.040625
1 0.93671875 0.14453125 0.03828125 0.06640625