1 0.79296875 0.7359375 0.24921875 0.31328125
1 0.5671875 0.696875 0.17109375 0.25390625
1 0.43671875 0.6296875 0.15625 0.29609375
1 0.340625 0.9015625 0.33671875 0.19609375
1 0.16328125 0.83203125 0.3 0.25703125
1 0.23671875 0.64140625 0.29140625 0.23515625
1 0.03984375 0.5953125 0.07890625 0.23125
1 0.7265625 0.15703125 0.06484375 0.08671875
1 0.67578125 0.15546875 0.08515625 0.1109375
1 0.56953125 0.1515625 0.078125 0.11875
1 0.93828125 0.1453125 0.06875 0.090625
1 0.975 0.0921875 0.05 0.115625
1 0.89375 0.12421875 0.053125 0.05703125