1 0.24609375 0.6234375 0.22890625 0.1984375
1 0.45546875 0.5890625 0.2125 0.21875
1 0.55859375 0.68984375 0.20546875 0.20703125
1 0.77421875 0.740625 0.228125 0.29609375
1 0.2953125 0.9015625 0.35625 0.19609375
1 0.16015625 0.83828125 0.31953125 0.25390625
1 0.93984375 0.15390625 0.07890625 0.0890625
1 0.975 0.10546875 0.05 0.0828125
1 0.83984375 0.1703125 0.10625 0.11328125
1 0.72578125 0.153125 0.078125 0.06484375
1 0.671875 0.13984375 0.071875 0.0515625
1 0.56171875 0.16171875 0.07734375 0.10546875
1 0.63203125 0.12890625 0.05 0.07578125
1 0.88984375 0.1234375 0.065625 0.0796875
1 0.06015625 0.259375 0.115625 0.12421875