1 0.17578125 0.378125 0.13515625 0.18515625
1 0.2421875 0.6390625 0.23671875 0.17421875
1 0.421875 0.60859375 0.21796875 0.20546875
1 0.56328125 0.6859375 0.196875 0.22421875
1 0.78984375 0.7484375 0.25546875 0.25546875
1 0.5171875 0.94296875 0.309375 0.1140625
1 0.32265625 0.9015625 0.334375 0.19609375
1 0.16171875 0.84296875 0.3234375 0.2796875
1 0.02890625 0.77109375 0.0578125 0.1265625
1 0.93359375 0.1515625 0.08046875 0.0890625
1 0.84453125 0.15625 0.08984375 0.0984375
1 0.72578125 0.15703125 0.09140625 0.11484375
1 0.66796875 0.1515625 0.06484375 0.08515625
1 0.56015625 0.15390625 0.09140625 0.0890625
1 0.62890625 0.134375 0.05234375 0.071875
1 0.9796875 0.11640625 0.040625 0.08125