1 0.2375 0.6140625 0.25078125 0.25
1 0.4125 0.61953125 0.196875 0.19609375
1 0.57109375 0.73046875 0.23359375 0.2609375
1 0.78125 0.75859375 0.2625 0.32421875
1 0.5390625 0.94765625 0.3125 0.1046875
1 0.31953125 0.89140625 0.29453125 0.21640625
1 0.1625 0.84921875 0.325 0.290625
1 0.5734375 0.15390625 0.1 0.07421875
1 0.7171875 0.15703125 0.103125 0.09296875
1 0.81953125 0.153125 0.08828125 0.109375
1 0.940625 0.14609375 0.07421875 0.09609375
1 0.98046875 0.10625 0.03828125 0.10546875
1 0.88515625 0.115625 0.06640625 0.078125
1 0.65859375 0.14921875 0.08359375 0.0796875