1 0.08359375 0.7484375 0.16640625 0.33359375
1 0.07578125 0.45078125 0.1515625 0.2078125
1 0.43984375 0.36015625 0.16796875 0.11328125
1 0.4796875 0.46328125 0.221875 0.10546875
1 0.4703125 0.6046875 0.28125 0.21328125
1 0.58359375 0.6609375 0.18046875 0.29296875
1 0.78203125 0.7046875 0.20078125 0.3484375
1 0.96015625 0.4953125 0.07890625 0.18359375
1 0.9078125 0.38515625 0.14765625 0.190625
1 0.81171875 0.328125 0.128125 0.159375
1 0.83984375 0.23203125 0.09765625 0.0984375
1 0.69453125 0.22890625 0.103125 0.13125
1 0.72734375 0.16953125 0.078125 0.1109375
1 0.6578125 0.1609375 0.10390625 0.08125
1 0.58359375 0.19375 0.08046875 0.0984375
1 0.5171875 0.18125 0.10234375 0.07421875
1 0.425 0.25 0.109375 0.08671875
1 0.93671875 0.1484375 0.08828125 0.1
1 0.86796875 0.11328125 0.07578125 0.08125