1 0.0875 0.73515625 0.16953125 0.25703125
1 0.303125 0.746875 0.27265625 0.25
1 0.07265625 0.378125 0.14453125 0.11484375
1 0.34140625 0.36015625 0.13671875 0.128125
1 0.66015625 0.58359375 0.18515625 0.19453125
1 0.70390625 0.81796875 0.21875 0.2703125
1 0.64140625 0.46484375 0.16484375 0.1515625
1 0.66953125 0.33828125 0.10078125 0.1203125
1 0.56484375 0.29296875 0.11875 0.121875
1 0.35078125 0.25078125 0.08984375 0.08515625
1 0.25546875 0.340625 0.096875 0.11484375
1 0.68515625 0.14609375 0.05234375 0.06875
1 0.74296875 0.1984375 0.07109375 0.0890625
1 0.95 0.43515625 0.1 0.1703125
1 0.9484375 0.31328125 0.103125 0.1109375
1 0.87421875 0.284375 0.09296875 0.11484375
1 0.81875 0.2390625 0.059375 0.09453125