1 0.36640625 0.34140625 0.128125 0.13515625
1 0.13828125 0.39609375 0.16640625 0.14453125
1 0.09140625 0.7234375 0.175 0.23359375
1 0.1765625 0.83125 0.31875 0.25
1 0.50078125 0.92578125 0.29375 0.1484375
1 0.70703125 0.56171875 0.21875 0.1984375
1 0.69296875 0.41640625 0.153125 0.1203125
1 0.678125 0.31171875 0.090625 0.09296875
1 0.62109375 0.2234375 0.10703125 0.078125
0 0.62265625 0.12890625 0.23203125 0.15546875
1 0.775 0.14296875 0.07109375 0.0796875
1 0.825 0.2359375 0.05625 0.1109375
1 0.853125 0.1734375 0.059375 0.10546875
1 0.93515625 0.23359375 0.075 0.11484375
1 0.9734375 0.39140625 0.053125 0.1609375