1 0.51953125 0.540625 0.18828125 0.23359375
1 0.53671875 0.2546875 0.12265625 0.12578125
1 0.67421875 0.31796875 0.090625 0.13515625
1 0.7015625 0.5640625 0.175 0.2203125
1 0.0984375 0.7296875 0.196875 0.26328125
1 0.8265625 0.2515625 0.075 0.12421875
1 0.853125 0.184375 0.06875 0.090625
0 0.71328125 0.1046875 0.11015625 0.13125
0 0.8078125 0.10390625 0.065625 0.12421875
0 0.88515625 0.1015625 0.09765625 0.13359375
0 0.93828125 0.40546875 0.12265625 0.340625
0 0.20859375 0.34609375 0.40546875 0.4203125