1 0.61953125 0.34921875 0.06953125 0.090625
1 0.7203125 0.284375 0.059375 0.071875
1 0.13203125 0.51640625 0.14296875 0.10546875
1 0.28515625 0.440625 0.11171875 0.08125
1 0.38671875 0.37578125 0.09375 0.0703125
1 0.46640625 0.33125 0.07265625 0.078125
1 0.52578125 0.29453125 0.06171875 0.0609375
1 0.57890625 0.2640625 0.04921875 0.05546875
1 0.61953125 0.23984375 0.04765625 0.0703125
1 0.8453125 0.22890625 0.053125 0.071875
1 0.92265625 0.19609375 0.06015625 0.06875
0 0.73671875 0.15390625 0.153125 0.08671875
1 0.6359375 0.19140625 0.06015625 0.04453125
1 0.1421875 0.85078125 0.19140625 0.2984375
1 0.09609375 0.46796875 0.14921875 0.078125
1 0.24609375 0.3890625 0.10234375 0.059375
1 0.31171875 0.21640625 0.06328125 0.04453125
1 0.40859375 0.2 0.07578125 0.0515625
1 0.5078125 0.19921875 0.05390625 0.05
1 0.39453125 0.29375 0.06796875 0.05390625