1 0.1234375 0.51875 0.14609375 0.1015625
1 0.2828125 0.440625 0.10859375 0.059375
1 0.415625 0.553125 0.1125 0.14453125
1 0.5875 0.47109375 0.09296875 0.1296875
1 0.76015625 0.278125 0.06171875 0.0796875
1 0.62109375 0.23984375 0.04921875 0.06640625
1 0.5765625 0.2609375 0.04609375 0.05546875
1 0.52265625 0.29375 0.05078125 0.06328125
1 0.46171875 0.3296875 0.06640625 0.0609375
1 0.38515625 0.3765625 0.084375 0.06875
1 0.23828125 0.39375 0.11171875 0.0703125
1 0.390625 0.28984375 0.053125 0.059375
1 0.275 0.21484375 0.05234375 0.05
1 0.35703125 0.21171875 0.07421875 0.0515625
1 0.434375 0.18359375 0.05546875 0.040625
1 0.49609375 0.20078125 0.04765625 0.04296875
0 0.56484375 0.15546875 0.14296875 0.0796875
1 0.703125 0.18515625 0.05859375 0.0515625
1 0.79765625 0.20078125 0.05703125 0.05
1 0.0734375 0.45546875 0.11796875 0.08515625
1 0.16640625 0.21796875 0.06796875 0.06875