1 0.13203125 0.51328125 0.14375 0.10703125
1 0.28515625 0.4390625 0.10703125 0.071875
1 0.20703125 0.8515625 0.20859375 0.278125
1 0.384375 0.3796875 0.09375 0.08671875
1 0.465625 0.33671875 0.07890625 0.071875
1 0.55390625 0.28046875 0.065625 0.06484375
1 0.38671875 0.209375 0.06015625 0.05546875
0 0.4796875 0.153125 0.12734375 0.07578125
1 0.4921875 0.196875 0.059375 0.059375
1 0.54453125 0.20546875 0.028125 0.0484375
1 0.58828125 0.21953125 0.040625 0.05390625
1 0.63515625 0.23046875 0.04765625 0.0609375
1 0.73515625 0.18359375 0.05234375 0.0609375
1 0.2484375 0.39296875 0.10390625 0.06875
1 0.39921875 0.2859375 0.05546875 0.0515625
1 0.471875 0.25546875 0.05234375 0.05390625
1 0.67421875 0.18515625 0.04375 0.04609375
1 0.08828125 0.46015625 0.13984375 0.090625