1 0.24453125 0.45703125 0.12265625 0.08125
1 0.0578125 0.47421875 0.115625 0.08125
1 0.265625 0.37578125 0.10625 0.08359375
1 0.3828125 0.3265625 0.08125 0.071875
1 0.4828125 0.321875 0.06875 0.0609375
1 0.56015625 0.2703125 0.059375 0.0609375
1 0.63203125 0.2359375 0.04296875 0.05546875
1 0.67578125 0.20546875 0.03828125 0.0515625
1 0.71484375 0.325 0.0625 0.09609375
1 0.91875 0.225 0.03203125 0.04453125
1 0.95859375 0.23984375 0.03125 0.05390625
1 0.71953125 0.184375 0.02734375 0.04453125
1 0.67734375 0.1515625 0.040625 0.04609375
1 0.43828125 0.19609375 0.05234375 0.03671875
1 0.51953125 0.19296875 0.065625 0.04609375
1 0.3234375 0.2015625 0.05859375 0.0390625
1 0.234375 0.21328125 0.053125 0.05
0 0.38359375 0.1515625 0.140625 0.0796875
1 0.46015625 0.115625 0.00234375 0.01640625
1 0.84921875 0.16015625 0.05703125 0.05390625