1 0.11796875 0.4734375 0.12734375 0.0984375
1 0.28984375 0.384375 0.09921875 0.071875
1 0.41015625 0.31796875 0.07578125 0.07421875
1 0.48515625 0.2796875 0.05234375 0.06640625
1 0.53203125 0.3046875 0.059375 0.0484375
1 0.63359375 0.246875 0.04609375 0.0609375
1 0.6984375 0.33828125 0.0625 0.08515625
1 0.784375 0.26953125 0.046875 0.078125
1 0.85703125 0.21640625 0.06171875 0.06484375
1 0.92421875 0.24140625 0.03359375 0.0703125
1 0.9796875 0.26328125 0.03671875 0.06328125
1 0.3171875 0.8359375 0.18671875 0.27421875
1 0.2125 0.221875 0.05859375 0.05546875
1 0.40859375 0.209375 0.06328125 0.06328125
1 0.571875 0.24375 0.03828125 0.0609375
1 0.62578125 0.18515625 0.02265625 0.04296875
1 0.67265625 0.184375 0.02265625 0.05
1 0.6453125 0.1609375 0.02421875 0.04453125
1 0.7078125 0.1515625 0.04453125 0.04609375
1 0.7578125 0.165625 0.05 0.05390625
0 0.29453125 0.16953125 0.128125 0.08125
1 0.53203125 0.23046875 0.04765625 0.06640625