1 0.22890625 0.22421875 0.06171875 0.05546875
1 0.16015625 0.4546875 0.125 0.09609375
1 0.3890625 0.36953125 0.09375 0.07421875
1 0.49296875 0.278125 0.05625 0.06484375
1 0.56015625 0.2640625 0.05625 0.071875
1 0.5890625 0.44453125 0.10078125 0.14296875
1 0.75703125 0.27421875 0.05078125 0.09296875
1 0.62109375 0.16796875 0.02109375 0.040625
1 0.85390625 0.23046875 0.05390625 0.05546875
1 0.9265625 0.25390625 0.03203125 0.0609375
1 0.971875 0.22578125 0.04453125 0.0515625
0 0.86015625 0.15546875 0.140625 0.08359375
1 0.65234375 0.14453125 0.01953125 0.040625
1 0.59296875 0.14453125 0.01875 0.03671875
1 0.565625 0.1453125 0.02421875 0.03359375
1 0.48984375 0.159375 0.01875 0.028125
1 0.4609375 0.16171875 0.02265625 0.0296875
1 0.42734375 0.15703125 0.02109375 0.03125
1 0.39921875 0.15703125 0.01875 0.0296875
1 0.3515625 0.2046875 0.04453125 0.040625
1 0.14375 0.2203125 0.05 0.04453125
1 0.55546875 0.19921875 0.034375 0.05390625