1 0.39453125 0.33125 0.07734375 0.06484375
1 0.56796875 0.36015625 0.08203125 0.121875
1 0.51015625 0.26796875 0.06171875 0.06328125
1 0.60859375 0.2109375 0.03359375 0.05
1 0.65078125 0.16953125 0.02578125 0.040625
1 0.9296875 0.25390625 0.040625 0.0609375
1 0.7640625 0.16171875 0.04609375 0.04609375
1 0.975 0.22421875 0.046875 0.05546875
1 0.17421875 0.21953125 0.06328125 0.05
1 0.25078125 0.2109375 0.05625 0.05
0 0.36484375 0.146875 0.03828125 0.0703125
1 0.3359375 0.153125 0.01953125 0.028125
1 0.42890625 0.15703125 0.02578125 0.04609375
1 0.46328125 0.15546875 0.021875 0.03515625
1 0.48828125 0.16015625 0.02421875 0.0390625