1 0.13203125 0.53359375 0.09609375 0.14453125
1 0.23984375 0.46640625 0.07265625 0.14609375
1 0.3078125 0.6015625 0.078125 0.16875
1 0.41953125 0.515625 0.07265625 0.11640625
1 0.58203125 0.346875 0.08984375 0.0890625
1 0.4453125 0.29609375 0.05625 0.0796875
1 0.48828125 0.2609375 0.059375 0.06875
1 0.50234375 0.19921875 0.03203125 0.04609375
1 0.55703125 0.25703125 0.04765625 0.0609375
0 0.7078125 0.14296875 0.12109375 0.078125
1 0.86171875 0.17421875 0.04453125 0.040625
1 0.96640625 0.18671875 0.046875 0.0390625
1 0.41640625 0.190625 0.028125 0.04296875
1 0.4328125 0.22890625 0.02578125 0.0390625
1 0.32578125 0.16640625 0.02421875 0.0296875
1 0.26796875 0.18046875 0.03984375 0.04296875
1 0.3015625 0.1609375 0.01640625 0.03671875
1 0.39140625 0.16015625 0.02265625 0.03515625