1 0.26796875 0.7296875 0.09375 0.18515625
1 0.2828125 0.425 0.05234375 0.0984375
1 0.37109375 0.3765625 0.05703125 0.08515625
1 0.62421875 0.35703125 0.08515625 0.109375
1 0.68203125 0.28125 0.06328125 0.09296875
1 0.77578125 0.38671875 0.09921875 0.12578125
1 0.92734375 0.5046875 0.134375 0.16484375
1 0.96796875 0.178125 0.04609375 0.04296875
1 0.68125 0.14296875 0.04921875 0.05390625
1 0.49921875 0.25 0.04296875 0.05703125
1 0.5578125 0.2453125 0.04453125 0.05546875
1 0.5171875 0.20390625 0.03046875 0.0390625
1 0.453125 0.19609375 0.03046875 0.03359375
1 0.27578125 0.32421875 0.04453125 0.05390625
1 0.33515625 0.30078125 0.05234375 0.05
1 0.32109375 0.25 0.0375 0.04609375
1 0.26640625 0.24296875 0.03203125 0.04609375
1 0.36953125 0.209375 0.0375 0.04609375
1 0.4484375 0.1984375 0.03515625 0.040625
1 0.49140625 0.16796875 0.028125 0.03359375
1 0.39921875 0.15546875 0.02421875 0.03515625
1 0.43359375 0.165625 0.02578125 0.02421875
1 0.63515625 0.12578125 0.02421875 0.03515625
1 0.25625 0.1765625 0.03515625 0.03515625
1 0.29296875 0.165625 0.02578125 0.03671875
1 0.33046875 0.1640625 0.02109375 0.03515625