1 0.25390625 0.26484375 0.0375 0.05390625
1 0.3046875 0.28515625 0.02890625 0.05
1 0.29453125 0.23125 0.03203125 0.05
1 0.40078125 0.2484375 0.0375 0.05390625
1 0.3796875 0.34375 0.07109375 0.07578125
1 0.49140625 0.4859375 0.10625 0.12421875
1 0.59609375 0.365625 0.09296875 0.09609375
1 0.7171875 0.38515625 0.1 0.10546875
1 0.85703125 0.41484375 0.115625 0.109375
1 0.95546875 0.18515625 0.04453125 0.03671875
1 0.45625 0.20703125 0.03671875 0.06640625
1 0.48984375 0.1984375 0.028125 0.03515625
1 0.4859375 0.265625 0.04296875 0.04296875
1 0.50859375 0.30703125 0.05234375 0.06328125
1 0.59765625 0.26171875 0.05859375 0.0703125
1 0.54296875 0.2203125 0.034375 0.0515625
1 0.4890625 0.15 0.02109375 0.0390625
1 0.4234375 0.16171875 0.02421875 0.03125
1 0.34140625 0.18671875 0.03515625 0.0390625
1 0.3 0.165625 0.02890625 0.05
1 0.08359375 0.2 0.05703125 0.03671875
1 0.7015625 0.31875 0.08515625 0.06640625