1 0.26796875 0.578125 0.0875 0.15390625
1 0.37421875 0.63671875 0.08359375 0.1609375
1 0.40390625 0.44921875 0.05625 0.09453125
1 0.35703125 0.34375 0.04765625 0.0796875
1 0.28203125 0.409375 0.06328125 0.09296875
1 0.296875 0.26484375 0.03984375 0.06328125
1 0.490625 0.4046875 0.06328125 0.10703125
1 0.55 0.3515625 0.07109375 0.0890625
1 0.63828125 0.3203125 0.09140625 0.13671875
1 0.71015625 0.4484375 0.1 0.08125
1 0.8078125 0.45859375 0.11484375 0.128125
1 0.91875 0.43203125 0.11640625 0.1296875
1 0.96640625 0.19140625 0.04765625 0.04453125
1 0.48359375 0.246875 0.03984375 0.06484375
1 0.428125 0.20703125 0.02890625 0.05546875
1 0.46796875 0.1984375 0.02890625 0.04609375
1 0.1671875 0.2203125 0.04765625 0.04453125
1 0.9515625 0.56015625 0.096875 0.1140625
1 0.3734375 0.8921875 0.1125 0.215625