1 0.21953125 0.7765625 0.13671875 0.2890625
1 0.4125 0.61171875 0.08515625 0.159375
1 0.39921875 0.9296875 0.12109375 0.140625
1 0.3234375 0.45078125 0.0625 0.10546875
1 0.384375 0.34609375 0.04765625 0.090625
1 0.3125 0.33828125 0.04453125 0.05703125
1 0.29765625 0.27890625 0.04375 0.040625
1 0.36640625 0.28828125 0.04453125 0.040625
1 0.34609375 0.2546875 0.04296875 0.03671875
1 0.2796875 0.24140625 0.04921875 0.040625
1 0.1875 0.23203125 0.046875 0.0390625
1 0.4 0.16484375 0.02421875 0.040625
1 0.46015625 0.2046875 0.02421875 0.03671875
1 0.48359375 0.26484375 0.04765625 0.05390625
1 0.54921875 0.3046875 0.06015625 0.07578125
1 0.6390625 0.3546875 0.08203125 0.090625
1 0.7359375 0.3484375 0.09296875 0.11484375
1 0.83203125 0.43984375 0.08046875 0.10703125
1 0.915625 0.43125 0.09609375 0.128125
1 0.965625 0.19140625 0.05 0.0390625
1 0.62890625 0.29140625 0.059375 0.06484375
0 0.36875 0.14375 0.06953125 0.0703125