1 0.34375 0.4046875 0.05 0.08359375
1 0.36484375 0.31171875 0.04453125 0.06640625
0 0.43984375 0.29609375 0.115625 0.16484375
1 0.51484375 0.253125 0.03046875 0.059375
1 0.58515625 0.31484375 0.06328125 0.08359375
1 0.67265625 0.30625 0.06171875 0.08125
1 0.69296875 0.41171875 0.09375 0.11875
1 0.7765625 0.3765625 0.08984375 0.11875
1 0.93515625 0.5203125 0.11640625 0.1296875
1 0.29609375 0.29453125 0.04765625 0.09296875
1 0.34765625 0.2609375 0.040625 0.06328125
1 0.22109375 0.23359375 0.06328125 0.05390625
1 0.56953125 0.16328125 0.05078125 0.0515625
1 0.96640625 0.18515625 0.04921875 0.0484375