1 0.51328125 0.27578125 0.05625 0.06875
1 0.60078125 0.284375 0.05546875 0.08515625
1 0.6828125 0.38125 0.0875 0.1109375
1 0.82734375 0.38984375 0.115625 0.11484375
1 0.821875 0.53984375 0.12734375 0.16875
1 0.9359375 0.53671875 0.12265625 0.15390625
1 0.9453125 0.19296875 0.03984375 0.059375
1 0.890625 0.18203125 0.053125 0.05703125
1 0.290625 0.25859375 0.03671875 0.05703125
1 0.20859375 0.22421875 0.05078125 0.05546875
1 0.39453125 0.16015625 0.02109375 0.0390625
1 0.425 0.15625 0.01953125 0.0390625
1 0.453125 0.15703125 0.02265625 0.03671875
1 0.48828125 0.1546875 0.02421875 0.0484375
1 0.71328125 0.33515625 0.07578125 0.0890625
1 0.5640625 0.228125 0.04375 0.0703125