1 0.18046875 0.221875 0.053125 0.05546875
1 0.2578125 0.23828125 0.04453125 0.059375
1 0.54375 0.278125 0.04296875 0.06328125
1 0.6328125 0.28984375 0.06328125 0.071875
1 0.6390625 0.371875 0.084375 0.09609375
1 0.7453125 0.36328125 0.08203125 0.09453125
1 0.86015625 0.390625 0.11953125 0.1
1 0.8828125 0.50078125 0.13515625 0.13125
1 0.77578125 0.1984375 0.03671875 0.04453125
1 0.653125 0.18046875 0.05078125 0.05
1 0.4875 0.16171875 0.02265625 0.03359375
1 0.45546875 0.1546875 0.02265625 0.0390625
1 0.4265625 0.15078125 0.02421875 0.03671875
1 0.29296875 0.1703125 0.01875 0.0390625
1 0.31484375 0.15078125 0.021875 0.040625
1 0.97265625 0.21328125 0.04140625 0.05390625
1 0.92578125 0.2046875 0.04453125 0.05390625