1 0.63984375 0.746875 0.21640625 0.1703125
1 0.29921875 0.759375 0.22109375 0.159375
0 0.36875 0.30859375 0.22890625 0.1890625
1 0.2046875 0.23828125 0.06015625 0.0609375
1 0.3265625 0.2 0.05546875 0.04453125
1 0.59921875 0.2640625 0.04609375 0.08515625
1 0.65 0.309375 0.06484375 0.0984375
1 0.74453125 0.3609375 0.090625 0.09609375
1 0.87109375 0.42109375 0.121875 0.1296875
1 0.77265625 0.9140625 0.2625 0.171875
1 0.96484375 0.21484375 0.04453125 0.05390625
1 0.821875 0.24375 0.059375 0.04453125
1 0.71796875 0.2453125 0.05078125 0.04453125
1 0.75 0.203125 0.06015625 0.03671875
1 0.54765625 0.209375 0.06171875 0.04609375
1 0.63203125 0.1453125 0.0375 0.03671875
1 0.48828125 0.16015625 0.02578125 0.021875
1 0.04140625 0.21796875 0.05234375 0.04609375
1 0.11328125 0.21796875 0.05 0.03515625