1 0.16015625 0.45859375 0.125 0.08671875
0 0.20546875 0.8359375 0.4109375 0.328125
1 0.04765625 0.5328125 0.0953125 0.09375
0 0.54296875 0.225 0.121875 0.1203125
1 0.66796875 0.3 0.07734375 0.10546875
1 0.77265625 0.3734375 0.10234375 0.11875
1 0.8046875 0.77578125 0.25859375 0.15546875
1 0.7984375 0.928125 0.26875 0.14375
1 0.83203125 0.228125 0.05703125 0.05546875
1 0.33671875 0.36484375 0.09140625 0.078125
1 0.32578125 0.21875 0.06640625 0.03671875
1 0.40078125 0.19921875 0.0625 0.0515625
1 0.2203125 0.22578125 0.06484375 0.04296875
1 0.12890625 0.2234375 0.04765625 0.040625
0 0.64765625 0.16015625 0.11875 0.06640625
1 0.63359375 0.20859375 0.05390625 0.03671875
1 0.73515625 0.17578125 0.046875 0.040625
1 0.746875 0.2609375 0.05234375 0.05
1 0.909375 0.2140625 0.06015625 0.0484375
1 0.459375 0.15859375 0.02265625 0.04453125
1 0.48515625 0.14921875 0.02890625 0.03671875