1 0.18828125 0.434375 0.11796875 0.08515625
1 0.30390625 0.378125 0.10390625 0.06328125
1 0.41484375 0.32109375 0.07421875 0.078125
1 0.5 0.2984375 0.07265625 0.059375
1 0.50625 0.36328125 0.0625 0.06640625
1 0.62734375 0.27890625 0.06015625 0.07421875
0 0.5453125 0.21015625 0.13359375 0.11640625
1 0.6921875 0.29296875 0.059375 0.09453125
1 0.77265625 0.2546875 0.05 0.06328125
1 0.71640625 0.18828125 0.06171875 0.0484375
0 0.8015625 0.16484375 0.10234375 0.078125
1 0.890625 0.21015625 0.06484375 0.0484375
1 0.23046875 0.221875 0.06640625 0.0390625
1 0.321875 0.21640625 0.06640625 0.040625
1 0.42578125 0.21875 0.065625 0.0484375
1 0.5796875 0.73828125 0.17734375 0.18671875
1 0.36953125 0.18203125 0.0375 0.03515625
1 0.42578125 0.1515625 0.021875 0.03515625
1 0.4578125 0.1546875 0.01875 0.040625
0 0.27578125 0.80546875 0.5515625 0.3890625
0 0.2125 0.17890625 0.13046875 0.04609375