1 0.2390625 0.71796875 0.20859375 0.140625
1 0.64609375 0.67890625 0.19609375 0.13671875
1 0.86015625 0.75078125 0.23046875 0.18671875
1 0.7421875 0.9015625 0.27734375 0.18125
1 0.32578125 0.88828125 0.23671875 0.1703125
1 0.075 0.51171875 0.15 0.11328125
1 0.23515625 0.4046875 0.1125 0.0796875
1 0.35078125 0.34453125 0.10078125 0.078125
1 0.42890625 0.29453125 0.06875 0.06875
1 0.47578125 0.37890625 0.08359375 0.09609375
1 0.5890625 0.36875 0.075 0.09609375
1 0.68125 0.36953125 0.06484375 0.08515625
1 0.6875 0.28671875 0.06328125 0.059375
1 0.72890625 0.23046875 0.06015625 0.05546875
1 0.85859375 0.21640625 0.04921875 0.05703125
1 0.62890625 0.23125 0.04296875 0.05703125
1 0.70703125 0.18828125 0.059375 0.03671875
1 0.76484375 0.171875 0.04375 0.05
1 0.91015625 0.1859375 0.04453125 0.04609375
0 0.5359375 0.22890625 0.12578125 0.1015625
1 0.2484375 0.20859375 0.05390625 0.05390625
1 0.30859375 0.1953125 0.05 0.0390625
1 0.38671875 0.19453125 0.06015625 0.04609375