1 0.10390625 0.45390625 0.13828125 0.07421875
1 0.23671875 0.39453125 0.11328125 0.07421875
1 0.3625 0.36484375 0.08203125 0.071875
1 0.478125 0.45625 0.08515625 0.11640625
1 0.5296875 0.51953125 0.10859375 0.1203125
1 0.6296875 0.4140625 0.09375 0.09453125
1 0.72890625 0.28046875 0.05 0.07421875
1 0.79609375 0.225 0.05234375 0.06484375
1 0.84921875 0.1734375 0.05390625 0.03671875
1 0.91015625 0.20078125 0.05390625 0.059375
1 0.4296875 0.29140625 0.06484375 0.05703125
1 0.55078125 0.3140625 0.053125 0.059375
1 0.60078125 0.34453125 0.06328125 0.06875
1 0.62734375 0.26640625 0.059375 0.05703125
1 0.56328125 0.2484375 0.06015625 0.059375
1 0.36015625 0.190625 0.065625 0.04296875
1 0.24375 0.20390625 0.05859375 0.0484375
1 0.18046875 0.18828125 0.04609375 0.03671875
1 0.12109375 0.18671875 0.03984375 0.0484375
1 0.42421875 0.17578125 0.04921875 0.05
1 0.67734375 0.18203125 0.05859375 0.05
0 0.77265625 0.134375 0.08671875 0.078125
1 0.91484375 0.6765625 0.16484375 0.10546875
1 0.8875 0.81875 0.21796875 0.20703125
1 0.05390625 0.8328125 0.1078125 0.171875
1 0.365625 0.79921875 0.23515625 0.071875
0 0.5484375 0.20390625 0.13359375 0.13359375
1 0.47890625 0.3640625 0.07734375 0.08671875