1 0.10078125 0.46875 0.12890625 0.07578125
1 0.23828125 0.4 0.10703125 0.07421875
1 0.35 0.33984375 0.0875 0.06484375
1 0.4296875 0.29921875 0.06171875 0.05546875
1 0.3671875 0.21328125 0.053125 0.03671875
1 0.31171875 0.203125 0.04453125 0.04609375
1 0.24296875 0.2140625 0.059375 0.05546875
1 0.28046875 0.16171875 0.03203125 0.04296875
1 0.36796875 0.4390625 0.1 0.090625
1 0.47890625 0.36953125 0.07734375 0.090625
1 0.4765625 0.45625 0.075 0.09296875
1 0.52578125 0.52890625 0.10859375 0.13515625
1 0.63671875 0.6453125 0.15625 0.171875
1 0.60703125 0.8296875 0.24296875 0.171875
1 0.909375 0.65 0.178125 0.13359375
1 0.92578125 0.77890625 0.146875 0.10703125
1 0.0875 0.70703125 0.17421875 0.10703125
1 0.61328125 0.434375 0.08125 0.1015625
1 0.68046875 0.35546875 0.06328125 0.090625
1 0.7546875 0.30078125 0.05390625 0.08125
0 0.75546875 0.22109375 0.096875 0.08125
0 0.92734375 0.14375 0.11484375 0.07578125
1 0.55234375 0.32109375 0.06484375 0.07421875
1 0.58828125 0.35859375 0.06171875 0.0609375
1 0.6453125 0.30703125 0.05390625 0.0609375
1 0.62109375 0.26171875 0.04765625 0.0609375
1 0.68046875 0.17578125 0.05625 0.05390625
1 0.57265625 0.24453125 0.05234375 0.06328125
1 0.16796875 0.21640625 0.059375 0.0484375
1 0.39140625 0.1484375 0.02265625 0.02578125
1 0.3390625 0.15546875 0.03359375 0.03515625
1 0.81953125 0.16953125 0.05859375 0.0515625
0 0.12890625 0.190625 0.14921875 0.07578125
0 0.50859375 0.15546875 0.14453125 0.090625