1 0.2390625 0.38828125 0.115625 0.090625
1 0.10234375 0.45546875 0.14140625 0.07421875
1 0.35078125 0.34296875 0.08515625 0.078125
1 0.425 0.29296875 0.06875 0.08125
1 0.34765625 0.46640625 0.11015625 0.11328125
1 0.4796875 0.45078125 0.096875 0.10546875
1 0.47734375 0.36015625 0.09453125 0.0796875
1 0.43984375 0.5859375 0.13671875 0.14609375
1 0.4921875 0.70546875 0.13125 0.13671875
1 0.65859375 0.7734375 0.20703125 0.16328125
1 0.8453125 0.6484375 0.16328125 0.1796875
1 0.85703125 0.23203125 0.05546875 0.05546875
1 0.61328125 0.4296875 0.1 0.109375
1 0.6796875 0.35 0.06640625 0.08671875
1 0.753125 0.3 0.05390625 0.0703125
1 0.78203125 0.228125 0.05625 0.06328125
1 0.903125 0.1703125 0.06484375 0.0296875
1 0.91953125 0.21015625 0.04453125 0.0609375
1 0.35859375 0.2 0.059375 0.040625
1 0.26953125 0.2109375 0.059375 0.03671875
1 0.17890625 0.20390625 0.053125 0.0484375
1 0.26796875 0.15703125 0.0375 0.04609375
1 0.53984375 0.32109375 0.05859375 0.06484375
1 0.61796875 0.265625 0.04296875 0.05703125
1 0.70859375 0.23828125 0.09140625 0.06640625
0 0.103125 0.18359375 0.175 0.09609375
0 0.37421875 0.15703125 0.14296875 0.090625
0 0.546875 0.20625 0.15078125 0.1484375
1 0.58125 0.23671875 0.06171875 0.07421875