1 0.35234375 0.78046875 0.17890625 0.25546875
1 0.8703125 0.74921875 0.23984375 0.19296875
1 0.5609375 0.503125 0.09609375 0.14453125
1 0.42890625 0.50390625 0.11796875 0.14453125
1 0.30546875 0.515625 0.121875 0.13671875
1 0.23984375 0.3953125 0.1125 0.071875
1 0.10546875 0.44296875 0.13671875 0.071875
1 0.4171875 0.340625 0.07734375 0.07421875
1 0.62578125 0.32890625 0.06875 0.08125
1 0.73984375 0.3453125 0.046875 0.09296875
1 0.7875 0.26875 0.05859375 0.06640625
1 0.85078125 0.240625 0.05234375 0.06328125
1 0.79609375 0.18671875 0.065625 0.05
1 0.8765625 0.1515625 0.053125 0.05
1 0.92890625 0.184375 0.05234375 0.04609375
1 0.52578125 0.27109375 0.059375 0.06640625
1 0.34375 0.334375 0.059375 0.07421875
1 0.43359375 0.28515625 0.06171875 0.05390625
1 0.421875 0.18984375 0.06484375 0.0484375
1 0.27578125 0.19453125 0.0625 0.04609375
1 0.18359375 0.21328125 0.05859375 0.03671875
1 0.69453125 0.25390625 0.08828125 0.10546875
1 0.684375 0.175 0.0625 0.040625
1 0.63046875 0.21953125 0.03359375 0.05
1 0.56953125 0.2984375 0.053125 0.07578125
0 0.1125 0.16640625 0.16328125 0.0609375
0 0.721875 0.121875 0.15234375 0.09453125
0 0.37421875 0.15859375 0.1375 0.08359375