1 0.10078125 0.87265625 0.1546875 0.2546875
1 0.4375 0.79921875 0.09921875 0.221875
1 0.9328125 0.8328125 0.134375 0.253125
1 0.7109375 0.49296875 0.07109375 0.10703125
1 0.959375 0.50703125 0.08125 0.109375
1 0.7078125 0.31796875 0.046875 0.08671875
1 0.771875 0.271875 0.06171875 0.090625
1 0.615625 0.2609375 0.03828125 0.06328125
1 0.70625 0.23671875 0.03671875 0.0515625
1 0.97265625 0.2609375 0.04453125 0.06640625
1 0.34296875 0.33828125 0.05078125 0.08125
1 0.0546875 0.6 0.10859375 0.18515625
0 0.18828125 0.34609375 0.19921875 0.271875
1 0.30234375 0.2484375 0.03203125 0.0609375
1 0.38359375 0.23984375 0.03359375 0.05390625
1 0.32734375 0.19296875 0.03125 0.05390625
1 0.35546875 0.21015625 0.03046875 0.0515625
1 0.45390625 0.18046875 0.02421875 0.04296875
1 0.41796875 0.17421875 0.021875 0.03359375
1 0.5046875 0.21171875 0.02890625 0.0484375
1 0.58203125 0.1890625 0.02578125 0.04296875
1 0.596875 0.14140625 0.01640625 0.04296875
1 0.64453125 0.1765625 0.040625 0.07578125
1 0.88828125 0.17578125 0.046875 0.04609375
1 0.96796875 0.19140625 0.046875 0.04453125
1 0.06171875 0.20625 0.04765625 0.04453125