1 0.44453125 0.7984375 0.09140625 0.21484375
1 0.765625 0.840625 0.14765625 0.2609375
1 0.6390625 0.39140625 0.06484375 0.08671875
1 0.7265625 0.38203125 0.065625 0.09296875
1 0.93984375 0.48046875 0.11640625 0.13125
0 0.73984375 0.228125 0.103125 0.15390625
1 0.98046875 0.221875 0.0375 0.0484375
1 0.96796875 0.18359375 0.05 0.040625
1 0.884375 0.17109375 0.059375 0.04453125
1 0.32734375 0.3515625 0.04765625 0.078125
1 0.3703125 0.2734375 0.03828125 0.071875
1 0.50234375 0.20703125 0.04453125 0.05390625
1 0.6203125 0.2734375 0.04765625 0.06640625
1 0.6484375 0.20703125 0.034375 0.05
1 0.6 0.20546875 0.028125 0.05546875
1 0.2140625 0.46875 0.08671875 0.109375
1 0.2859375 0.8203125 0.13125 0.23515625
1 0.0515625 0.7859375 0.09609375 0.30703125
1 0.184375 0.3640625 0.07109375 0.07578125
1 0.28515625 0.3109375 0.04296875 0.078125
1 0.32734375 0.2609375 0.03046875 0.05546875
1 0.27421875 0.25078125 0.0375 0.0515625
1 0.31640625 0.20546875 0.03046875 0.04296875
1 0.35546875 0.20546875 0.03046875 0.06640625
1 0.39765625 0.21171875 0.028125 0.0484375
1 0.38828125 0.16484375 0.02734375 0.03515625
1 0.45546875 0.1890625 0.02109375 0.0390625
1 0.41015625 0.17890625 0.028125 0.0390625
1 0.61328125 0.1390625 0.01640625 0.03359375
1 0.65859375 0.16015625 0.021875 0.03515625