1 0.27734375 0.42421875 0.06953125 0.10546875
1 0.28515625 0.83984375 0.11953125 0.23359375
1 0.43984375 0.79375 0.10234375 0.23125
1 0.70390625 0.63359375 0.09921875 0.15703125
1 0.85 0.57421875 0.11328125 0.14609375
0 0.92421875 0.359375 0.15078125 0.2984375
1 0.71796875 0.390625 0.08046875 0.09453125
1 0.18046875 0.61484375 0.125 0.16640625
1 0.221875 0.38359375 0.09765625 0.1109375
1 0.04609375 0.86640625 0.08984375 0.2484375
1 0.33203125 0.28671875 0.03984375 0.090625
1 0.60703125 0.2765625 0.04609375 0.1
1 0.65390625 0.2640625 0.0375 0.06640625
0 0.7046875 0.19921875 0.10625 0.1390625
1 0.6109375 0.19453125 0.04375 0.04296875
1 0.50390625 0.21328125 0.05234375 0.06640625
1 0.47109375 0.21953125 0.03515625 0.0609375
1 0.43046875 0.2140625 0.04140625 0.06875
1 0.36640625 0.203125 0.04140625 0.06875
1 0.40078125 0.175 0.028125 0.05703125
0 0.24609375 0.24609375 0.134375 0.15
1 0.18359375 0.1859375 0.053125 0.06640625
1 0.57578125 0.16953125 0.03046875 0.04609375
1 0.82421875 0.16484375 0.05625 0.05546875
1 0.9015625 0.1703125 0.04765625 0.04453125
1 0.97109375 0.18828125 0.04765625 0.04609375
1 0.59921875 0.15078125 0.03671875 0.040625
1 0.58984375 0.12578125 0.02890625 0.03359375
1 0.56015625 0.12578125 0.02890625 0.02421875
1 0.33828125 0.1515625 0.02578125 0.03359375
1 0.378125 0.13125 0.04453125 0.0703125
1 0.4109375 0.153125 0.01953125 0.03359375
1 0.44609375 0.12109375 0.01875 0.02578125
1 0.4609375 0.1515625 0.01796875 0.02421875
1 0.4375 0.1609375 0.02578125 0.03359375
1 0.5578125 0.1046875 0.015625 0.0296875
1 0.60234375 0.0984375 0.03359375 0.05546875