1 0.4390625 0.78671875 0.08515625 0.240625
1 0.28203125 0.8109375 0.11484375 0.23671875
1 0.79140625 0.79453125 0.15859375 0.23671875
1 0.7953125 0.52578125 0.12421875 0.16328125
0 0.65546875 0.34921875 0.10703125 0.1984375
1 0.821875 0.34296875 0.07578125 0.1109375
1 0.18203125 0.46953125 0.08515625 0.13125
0 0.10390625 0.384375 0.196875 0.271875
1 0.29921875 0.2796875 0.05078125 0.10390625
1 0.3609375 0.228125 0.03984375 0.0703125
1 0.50703125 0.21171875 0.02890625 0.06875
1 0.47109375 0.221875 0.025 0.0703125
1 0.434375 0.215625 0.01796875 0.0796875
1 0.40703125 0.221875 0.02734375 0.06875
1 0.5890625 0.21796875 0.03125 0.06484375
1 0.6578125 0.23359375 0.06015625 0.06640625
0 0.9109375 0.1484375 0.16796875 0.08515625