1 0.28359375 0.828125 0.15078125 0.2515625
1 0.43828125 0.8046875 0.10703125 0.24296875
1 0.13828125 0.5203125 0.11484375 0.159375
1 0.125 0.44453125 0.10078125 0.1015625
1 0.62890625 0.29140625 0.06015625 0.071875
1 0.946875 0.4703125 0.10234375 0.14453125
1 0.9515625 0.21953125 0.06875 0.0796875
1 0.4171875 0.24296875 0.05 0.059375
1 0.38828125 0.203125 0.02890625 0.0484375
1 0.34140625 0.18984375 0.02421875 0.0390625
1 0.27890625 0.1703125 0.03125 0.0390625
1 0.30546875 0.153125 0.03046875 0.0390625
1 0.334375 0.1515625 0.02109375 0.028125
1 0.43203125 0.20703125 0.03828125 0.06484375
1 0.46640625 0.21328125 0.03203125 0.0484375
1 0.50078125 0.2046875 0.03515625 0.04453125
1 0.41015625 0.16796875 0.02421875 0.0390625
1 0.38828125 0.1546875 0.02578125 0.03359375
1 0.3234375 0.13828125 0.021875 0.02421875
1 0.490625 0.18671875 0.02734375 0.03671875
1 0.44609375 0.178125 0.02578125 0.0296875
1 0.453125 0.19453125 0.025 0.03671875
1 0.425 0.121875 0.02109375 0.0203125
1 0.59140625 0.21484375 0.034375 0.05
1 0.61484375 0.18046875 0.034375 0.03671875
0 0.68515625 0.134375 0.109375 0.07421875
1 0.6078125 0.1453125 0.02578125 0.028125
1 0.56640625 0.1453125 0.02265625 0.0296875
1 0.603125 0.1234375 0.025 0.02578125
1 0.5625 0.11015625 0.03125 0.0484375
1 0.43828125 0.16328125 0.021875 0.0203125
1 0.68828125 0.2484375 0.04296875 0.07578125
1 0.79765625 0.16328125 0.06484375 0.05