1 0.1375 0.8765625 0.25625 0.2015625
1 0.5 0.7265625 0.265625 0.19453125
1 0.79609375 0.83828125 0.23359375 0.23515625
1 0.565625 0.45546875 0.08828125 0.15546875
1 0.62890625 0.37421875 0.08515625 0.140625
1 0.72734375 0.30546875 0.07109375 0.1515625
1 0.82890625 0.22421875 0.04453125 0.078125
1 0.65546875 0.1734375 0.07890625 0.09453125
1 0.54921875 0.1703125 0.05078125 0.03359375
1 0.47265625 0.178125 0.06484375 0.06328125
1 0.41015625 0.17421875 0.07578125 0.05546875
1 0.32578125 0.1859375 0.07734375 0.0703125
1 0.35625 0.43671875 0.10546875 0.13671875
1 0.46640625 0.4359375 0.065625 0.15390625
0 0.48359375 0.290625 0.19375 0.159375
1 0.2453125 0.36953125 0.09140625 0.0984375
1 0.1828125 0.45859375 0.14609375 0.1203125
1 0.09296875 0.4296875 0.06875 0.13671875
1 0.16640625 0.3390625 0.08046875 0.0984375