1 0.328125 0.85703125 0.25703125 0.23671875
1 0.65078125 0.7703125 0.21796875 0.2109375
1 0.89453125 0.68828125 0.21015625 0.1390625
1 0.3140625 0.66328125 0.23125 0.178125
1 0.5625 0.4765625 0.09296875 0.1609375
1 0.62890625 0.3796875 0.07265625 0.13359375
1 0.72578125 0.3109375 0.053125 0.14453125
1 0.90234375 0.21015625 0.06484375 0.06875
0 0.85234375 0.15625 0.15546875 0.07578125
1 0.33828125 0.45859375 0.10859375 0.13359375
1 0.265625 0.42578125 0.08203125 0.078125
1 0.08359375 0.45 0.1671875 0.128125
1 0.27265625 0.20703125 0.06171875 0.09453125
1 0.35859375 0.2 0.06640625 0.0703125
0 0.48359375 0.3140625 0.20703125 0.209375
1 0.47421875 0.44921875 0.090625 0.15