1 0.48359375 0.675 0.2125 0.18671875
1 0.7765625 0.6546875 0.21640625 0.1609375
1 0.8984375 0.83515625 0.2 0.17421875
1 0.553125 0.48359375 0.09765625 0.17421875
1 0.46484375 0.4515625 0.084375 0.13359375
1 0.303125 0.50703125 0.10859375 0.15703125
1 0.11328125 0.50703125 0.15 0.1015625
1 0.090625 0.43515625 0.146875 0.08671875
0 0.38515625 0.17421875 0.171875 0.09609375
1 0.72421875 0.30546875 0.05078125 0.08125
1 0.621875 0.3859375 0.065625 0.109375
0 0.47265625 0.32890625 0.20625 0.20703125
1 0.77265625 0.271875 0.05078125 0.1
1 0.81484375 0.25078125 0.05234375 0.0984375
1 0.28515625 0.32109375 0.08828125 0.06640625