1 0.33828125 0.83203125 0.15 0.32578125
1 0.34921875 0.55390625 0.10390625 0.17578125
1 0.34296875 0.453125 0.090625 0.0984375
1 0.615625 0.4140625 0.06640625 0.11875
1 0.784375 0.6765625 0.209375 0.18125
1 0.11953125 0.5 0.146875 0.11484375
1 0.08046875 0.440625 0.13984375 0.0984375
1 0.25234375 0.3796875 0.12109375 0.08671875
0 0.15859375 0.17578125 0.165625 0.06328125
1 0.39140625 0.36171875 0.0875 0.09453125
1 0.534375 0.321875 0.06796875 0.10390625
1 0.60625 0.32578125 0.04453125 0.08515625
1 0.7078125 0.31015625 0.04453125 0.08515625
1 0.79453125 0.2546875 0.03125 0.07578125
0 0.7390625 0.1359375 0.14921875 0.09453125
1 0.64140625 0.190625 0.07265625 0.06640625
1 0.509375 0.18046875 0.059375 0.04609375
1 0.40078125 0.19296875 0.06015625 0.0515625
1 0.315625 0.21484375 0.08828125 0.06640625