1 0.41171875 0.7390625 0.16875 0.2
1 0.35234375 0.61484375 0.109375 0.17421875
1 0.325 0.4796875 0.1 0.1203125
1 0.12734375 0.51171875 0.14453125 0.10546875
1 0.0875 0.45625 0.13203125 0.08359375
1 0.24296875 0.3734375 0.12578125 0.06484375
1 0.68984375 0.31015625 0.07734375 0.1203125
1 0.7734375 0.24296875 0.05234375 0.10390625
1 0.56015625 0.31171875 0.06328125 0.12421875
1 0.465625 0.33046875 0.053125 0.08671875
1 0.40625 0.209375 0.06484375 0.0703125
1 0.19765625 0.23203125 0.03359375 0.05390625
1 0.34921875 0.19921875 0.0625 0.0515625
0 0.24921875 0.17109375 0.140625 0.08359375