1 0.2359375 0.915625 0.16171875 0.16875
1 0.29296875 0.44375 0.115625 0.13125
1 0.12421875 0.51015625 0.13984375 0.11640625
1 0.08359375 0.44609375 0.14453125 0.08125
1 0.23984375 0.38125 0.09921875 0.06640625
1 0.91796875 0.46015625 0.13984375 0.21640625
1 0.45859375 0.3234375 0.078125 0.109375
1 0.521875 0.28203125 0.05625 0.08359375
1 0.72734375 0.19921875 0.08125 0.071875
1 0.81796875 0.2359375 0.046875 0.071875
1 0.90234375 0.21328125 0.04609375 0.059375
1 0.3125 0.20625 0.08515625 0.07421875
1 0.3953125 0.203125 0.06328125 0.07578125
1 0.35546875 0.32109375 0.07109375 0.08671875
1 0.5796875 0.26171875 0.06484375 0.078125
1 0.61484375 0.18671875 0.084375 0.0609375
0 0.1703125 0.175 0.14140625 0.07578125
1 0.50546875 0.1984375 0.05859375 0.0484375