1 0.26171875 0.734375 0.14609375 0.2296875
1 0.13359375 0.51640625 0.15078125 0.08515625
1 0.2859375 0.43671875 0.1125 0.08359375
1 0.38203125 0.38203125 0.09765625 0.0796875
1 0.46328125 0.328125 0.071875 0.08515625
1 0.521875 0.2890625 0.06171875 0.0703125
1 0.58203125 0.259375 0.046875 0.05546875
1 0.62265625 0.23984375 0.03984375 0.059375
1 0.6453125 0.33125 0.0625 0.08515625
1 0.73984375 0.26875 0.06484375 0.06328125
1 0.86484375 0.2203125 0.053125 0.0484375
0 0.7515625 0.1546875 0.15546875 0.0890625
1 0.740625 0.20390625 0.04296875 0.0390625
1 0.82578125 0.20078125 0.03515625 0.05
1 0.93671875 0.1890625 0.04375 0.05390625
1 0.4171875 0.203125 0.05859375 0.040625
1 0.5125 0.19453125 0.05625 0.03671875
1 0.63828125 0.19140625 0.0625 0.05703125
1 0.48828125 0.15 0.02109375 0.02578125
1 0.46328125 0.1546875 0.02578125 0.03671875
1 0.42890625 0.1515625 0.02265625 0.02578125
1 0.32578125 0.215625 0.06640625 0.04296875
1 0.20625 0.2234375 0.053125 0.040625
1 0.08984375 0.453125 0.14375 0.109375
1 0.246875 0.390625 0.10546875 0.071875