1 0.365625 0.06796875 0.04921875 0.0390625
0 0.66171875 0.59609375 0.565625 0.5296875
1 0.28125 0.39140625 0.16953125 0.23359375
1 0.16328125 0.39921875 0.06953125 0.1
1 0.09296875 0.334375 0.06484375 0.090625
0 0.45703125 0.203125 0.26328125 0.1609375
1 0.68515625 0.3 0.11796875 0.10546875
1 0.878125 0.20078125 0.06953125 0.11640625
0 0.678125 0.196875 0.340625 0.2109375
1 0.85234375 0.0703125 0.09921875 0.09453125
1 0.74765625 0.0453125 0.08203125 0.06328125
1 0.609375 0.08203125 0.06484375 0.04296875
1 0.52578125 0.071875 0.0625 0.05546875
1 0.46328125 0.05859375 0.04375 0.040625
1 0.28203125 0.2140625 0.05859375 0.05
1 0.03515625 0.18125 0.028125 0.05390625