0 0.6734375 0.56953125 0.60625 0.54453125
0 0.4546875 0.2203125 0.26796875 0.21328125
0 0.69296875 0.2015625 0.334375 0.24296875
0 0.16640625 0.1546875 0.16953125 0.10546875
0 0.14140625 0.2546875 0.17421875 0.16328125
0 0.28203125 0.3765625 0.196875 0.25
0 0.04609375 0.28984375 0.084375 0.17421875
0 0.22734375 0.11640625 0.115625 0.121875
1 0.90390625 0.36015625 0.18359375 0.17578125
1 0.16171875 0.37421875 0.103125 0.08125
1 0.09609375 0.33203125 0.08125 0.1
1 0.553125 0.0734375 0.06171875 0.05546875
1 0.74609375 0.03828125 0.08203125 0.06328125
1 0.94609375 0.096875 0.096875 0.0984375
1 0.4515625 0.0890625 0.071875 0.06640625