1 0.1640625 0.38203125 0.084375 0.109375
1 0.27890625 0.36953125 0.16015625 0.22578125
0 0.66484375 0.5953125 0.57421875 0.559375
1 0.775 0.37109375 0.16015625 0.128125
1 0.92421875 0.36171875 0.14453125 0.16328125
1 0.28046875 0.221875 0.0625 0.08359375
1 0.09140625 0.33984375 0.065625 0.09296875
1 0.46484375 0.09453125 0.04609375 0.04609375
1 0.42109375 0.071875 0.05390625 0.0484375
1 0.5953125 0.04296875 0.05078125 0.059375
1 0.7453125 0.03046875 0.078125 0.05
1 0.74296875 0.07890625 0.084375 0.04453125
1 0.86171875 0.0515625 0.075 0.05703125
1 0.93046875 0.11796875 0.10859375 0.07578125
1 0.88203125 0.1953125 0.07421875 0.11328125
1 0.975 0.20390625 0.05 0.0671875
0 0.68046875 0.1953125 0.31796875 0.2109375
0 0.4453125 0.215625 0.27265625 0.18671875