0 0.671875 0.5765625 0.6125 0.55390625
0 0.28828125 0.37109375 0.184375 0.25703125
1 0.16875 0.378125 0.08046875 0.10546875
1 0.096875 0.34296875 0.08203125 0.12421875
0 0.13515625 0.2640625 0.17265625 0.190625
0 0.45390625 0.23046875 0.25703125 0.1890625
0 0.68203125 0.20546875 0.328125 0.25390625
1 0.67734375 0.30546875 0.165625 0.128125
1 0.91171875 0.3765625 0.17578125 0.18671875
1 0.74453125 0.0359375 0.08984375 0.06640625
1 0.86328125 0.0484375 0.09375 0.06875
1 0.58828125 0.03828125 0.07109375 0.07421875
1 0.503125 0.08046875 0.065625 0.05546875