1 0.09453125 0.34375 0.08359375 0.090625
1 0.18515625 0.39140625 0.09453125 0.109375
1 0.2671875 0.34296875 0.09765625 0.1015625
0 0.1484375 0.2734375 0.18125 0.1703125
0 0.40625 0.42890625 0.228125 0.28515625
1 0.56640625 0.43984375 0.159375 0.19453125
0 0.8515625 0.6484375 0.296875 0.521875
1 0.7578125 0.43671875 0.16640625 0.1609375
1 0.94375 0.35703125 0.1125 0.1390625
1 0.70625 0.315625 0.15859375 0.13359375
0 0.47578125 0.23515625 0.28125 0.19453125
0 0.69921875 0.2046875 0.34140625 0.2203125
1 0.27890625 0.24296875 0.06640625 0.071875
0 0.16953125 0.16171875 0.16171875 0.0890625
1 0.075 0.1515625 0.03046875 0.040625
1 0.01953125 0.19375 0.03125 0.040625
1 0.0359375 0.29140625 0.071875 0.13125
1 0.41640625 0.0609375 0.04609375 0.04296875
1 0.3875 0.046875 0.04140625 0.04296875