1 0.42265625 0.51171875 0.16796875 0.1796875
1 0.54921875 0.4359375 0.16640625 0.1484375
1 0.78046875 0.48515625 0.18515625 0.26640625
1 0.39453125 0.365625 0.11640625 0.12421875
1 0.2703125 0.35078125 0.10078125 0.1
0 0.09140625 0.321875 0.17578125 0.2203125
0 0.15 0.27890625 0.175 0.17421875
1 0.31484375 0.2546875 0.0875 0.08515625
1 0.48125 0.27421875 0.11484375 0.10703125
0 0.509375 0.18203125 0.265625 0.178125
1 0.8078125 0.19375 0.11953125 0.109375
1 0.75859375 0.14140625 0.08828125 0.08125
1 0.74296875 0.05 0.08515625 0.08125
1 0.8640625 0.04140625 0.09140625 0.0703125
0 0.22734375 0.1703125 0.209375 0.11640625
1 0.10390625 0.16875 0.03671875 0.040625
1 0.0734375 0.153125 0.02578125 0.0296875
1 0.04609375 0.1765625 0.03203125 0.03125
1 0.41484375 0.05625 0.040625 0.03671875
1 0.390625 0.0484375 0.03515625 0.03671875