1 0.55390625 0.44140625 0.18046875 0.16640625
1 0.784375 0.4953125 0.23046875 0.228125
0 0.22265625 0.409375 0.34140625 0.328125
1 0.39375 0.35078125 0.09921875 0.15390625
1 0.48671875 0.31328125 0.12265625 0.10703125
1 0.70859375 0.32109375 0.14140625 0.13515625
0 0.74140625 0.22890625 0.35703125 0.21640625
1 0.9546875 0.0796875 0.090625 0.08125
1 0.7015625 0.10390625 0.08359375 0.06328125
1 0.74375 0.03515625 0.084375 0.06484375
1 0.8640625 0.03671875 0.084375 0.0734375
1 0.6109375 0.04140625 0.08046875 0.08125
1 0.2828125 0.23203125 0.08515625 0.08515625
0 0.31015625 0.1765625 0.24453125 0.1390625
1 0.4171875 0.05859375 0.04921875 0.05390625
1 0.50859375 0.13359375 0.065625 0.06328125
1 0.26953125 0.05078125 0.03515625 0.03515625
1 0.09921875 0.15390625 0.03828125 0.04296875
1 0.13046875 0.134375 0.040625 0.04453125