1 0.38828125 0.36796875 0.15 0.159375
1 0.53984375 0.434375 0.13515625 0.1484375
1 0.5828125 0.27421875 0.1375 0.13125
0 0.8015625 0.5875 0.396875 0.565625
1 0.46640625 0.221875 0.09921875 0.078125
1 0.29921875 0.2390625 0.09609375 0.08515625
1 0.2734375 0.34609375 0.10625 0.13359375
0 0.14453125 0.28125 0.17578125 0.16640625
1 0.08203125 0.36875 0.09921875 0.11484375
1 0.15859375 0.19296875 0.06171875 0.07578125
1 0.23828125 0.13359375 0.04765625 0.071875
0 0.34609375 0.13203125 0.178125 0.10703125
1 0.4578125 0.13203125 0.06875 0.08359375
1 0.534375 0.17109375 0.075 0.06484375
1 0.60546875 0.14296875 0.08125 0.090625
1 0.70390625 0.1859375 0.1 0.1
1 0.75390625 0.15390625 0.08671875 0.07578125
1 0.8625 0.19921875 0.11875 0.109375
1 0.91328125 0.16796875 0.11171875 0.10390625
1 0.85703125 0.04375 0.08828125 0.0609375
1 0.5984375 0.090625 0.09296875 0.078125
1 0.54765625 0.06953125 0.06875 0.05546875
0 0.69453125 0.06171875 0.21015625 0.10703125
1 0.02265625 0.19921875 0.03203125 0.06328125
1 0.04765625 0.1796875 0.0375 0.05390625
1 0.0921875 0.17421875 0.03125 0.04609375