0 0.3546875 0.45 0.43046875 0.36640625
1 0.7921875 0.48125 0.19609375 0.25390625
1 0.95234375 0.73828125 0.09453125 0.2796875
1 0.94140625 0.440625 0.11640625 0.18515625
1 0.58515625 0.43828125 0.09609375 0.21640625
1 0.53046875 0.309375 0.140625 0.13125
1 0.634375 0.259375 0.11171875 0.12421875
1 0.871875 0.19375 0.11796875 0.09453125
1 0.73203125 0.18203125 0.10546875 0.090625
1 0.58359375 0.17578125 0.1 0.078125
0 0.15234375 0.26953125 0.19140625 0.13515625
1 0.31015625 0.15703125 0.05546875 0.078125
1 0.659375 0.13671875 0.065625 0.05546875
0 0.9328125 0.06953125 0.134375 0.1390625
1 0.77890625 0.109375 0.10546875 0.06484375
0 0.43203125 0.13671875 0.18671875 0.1484375