1 0.39140625 0.37109375 0.12265625 0.18359375
1 0.43828125 0.3 0.12265625 0.13515625
1 0.60703125 0.3546875 0.15234375 0.1515625
1 0.55078125 0.4359375 0.1625 0.1703125
1 0.18046875 0.50390625 0.15234375 0.18515625
1 0.03828125 0.3984375 0.0765625 0.10625
1 0.27109375 0.34375 0.10546875 0.12421875
1 0.365625 0.190625 0.11875 0.14296875
0 0.146875 0.28671875 0.18515625 0.209375
1 0.84375 0.3734375 0.22265625 0.17421875
0 0.44296875 0.1296875 0.196875 0.128125
1 0.59140625 0.171875 0.08515625 0.08125
1 0.72109375 0.184375 0.12265625 0.09609375
0 0.82109375 0.04921875 0.32578125 0.0984375
1 0.02109375 0.2734375 0.040625 0.08359375
1 0.040625 0.18671875 0.04609375 0.06484375
1 0.07109375 0.1609375 0.03125 0.05390625
1 0.1015625 0.17109375 0.040625 0.040625
1 0.14609375 0.12890625 0.0375 0.05390625
1 0.24375 0.153125 0.05625 0.059375
1 0.19453125 0.1515625 0.04453125 0.05703125
0 0.28515625 0.06328125 0.11015625 0.0796875
1 0.86328125 0.1953125 0.12109375 0.109375
1 0.68359375 0.09609375 0.07421875 0.08671875
0 0.840625 0.63125 0.31875 0.45625