1 0.78359375 0.85234375 0.3234375 0.2953125
1 0.19375 0.50546875 0.13828125 0.15703125
1 0.10703125 0.375 0.09296875 0.11328125
1 0.55078125 0.43203125 0.17109375 0.171875
1 0.78671875 0.49296875 0.20390625 0.23671875
1 0.61015625 0.3546875 0.13984375 0.140625
1 0.39140625 0.371875 0.109375 0.16875
1 0.46015625 0.309375 0.11953125 0.1296875
0 0.14609375 0.27890625 0.1875 0.17421875
1 0.26875 0.340625 0.11171875 0.13125
1 0.2734375 0.2734375 0.09140625 0.0890625
1 0.32734375 0.2453125 0.07734375 0.08515625
1 0.3890625 0.21875 0.07421875 0.08671875
1 0.58984375 0.178125 0.09453125 0.07421875
1 0.71953125 0.18828125 0.128125 0.090625
1 0.9234375 0.309375 0.153125 0.1390625
1 0.86484375 0.203125 0.13125 0.0984375
1 0.89140625 0.11953125 0.1125 0.08125
1 0.7390625 0.0390625 0.084375 0.0703125
1 0.60546875 0.08515625 0.08828125 0.05546875
0 0.45078125 0.12890625 0.18828125 0.1484375
1 0.31328125 0.1546875 0.0625 0.06484375
1 0.24453125 0.1484375 0.04765625 0.0609375
1 0.19140625 0.15 0.05 0.06328125
0 0.21015625 0.071875 0.103125 0.0703125