1 0.559375 0.44453125 0.178125 0.1703125
1 0.77890625 0.49921875 0.23046875 0.28359375
1 0.975 0.6046875 0.05 0.19375
1 0.97890625 0.20546875 0.04140625 0.11484375
1 0.86171875 0.19921875 0.13828125 0.109375
1 0.7140625 0.18046875 0.11484375 0.08671875
1 0.61484375 0.35859375 0.14296875 0.13125
1 0.84453125 0.40625 0.22734375 0.18671875
1 0.46171875 0.3109375 0.12890625 0.121875
1 0.39765625 0.384375 0.1375 0.1984375
1 0.2625 0.34921875 0.09453125 0.109375
1 0.328125 0.26953125 0.11171875 0.07578125
1 0.584375 0.17578125 0.09765625 0.078125
1 0.68359375 0.090625 0.09140625 0.078125
0 0.13515625 0.29140625 0.18203125 0.18359375
0 0.43671875 0.1359375 0.190625 0.13125
1 0.31796875 0.1546875 0.07578125 0.07578125
1 0.2421875 0.15 0.05703125 0.0484375
1 0.740625 0.03828125 0.07421875 0.07578125
1 0.85625 0.04140625 0.09296875 0.06875