1 0.71796875 0.49609375 0.20546875 0.1890625
1 0.8390625 0.415625 0.21015625 0.21640625
1 0.83125 0.28046875 0.16171875 0.11640625
1 0.40390625 0.37109375 0.11484375 0.1515625
1 0.603125 0.3515625 0.13515625 0.13359375
1 0.19765625 0.415625 0.11015625 0.109375
1 0.2625 0.3453125 0.1 0.12578125
1 0.33046875 0.2734375 0.08203125 0.08359375
1 0.45703125 0.28984375 0.11171875 0.121875
1 0.58046875 0.1734375 0.09765625 0.09296875
1 0.7140625 0.18828125 0.11484375 0.0984375
1 0.86015625 0.19921875 0.11953125 0.08671875
1 0.92265625 0.10546875 0.09453125 0.08125
0 0.440625 0.13828125 0.190625 0.1390625
1 0.571875 0.11875 0.07109375 0.04296875
1 0.68515625 0.096875 0.090625 0.05546875
1 0.7796875 0.08203125 0.07734375 0.06484375
1 0.84921875 0.04375 0.06796875 0.0609375
1 0.73203125 0.0359375 0.07109375 0.0703125
1 0.28359375 0.19921875 0.059375 0.06640625
1 0.31015625 0.1515625 0.06015625 0.059375
1 0.23515625 0.1515625 0.05234375 0.06328125
1 0.121875 0.16796875 0.03203125 0.05390625
0 0.1296875 0.2765625 0.14765625 0.15390625