1 0.55078125 0.44375 0.18046875 0.19453125
1 0.83828125 0.69296875 0.29765625 0.2890625
1 0.30234375 0.36328125 0.13046875 0.13671875
1 0.17578125 0.31171875 0.09609375 0.0984375
1 0.05390625 0.31015625 0.09296875 0.078125
1 0.603125 0.34609375 0.13984375 0.13125
1 0.44765625 0.3046875 0.12734375 0.1296875
1 0.32265625 0.27578125 0.10859375 0.10546875
1 0.51484375 0.228125 0.10703125 0.1109375
1 0.71015625 0.2953125 0.121875 0.128125
1 0.70390625 0.17109375 0.140625 0.10703125
1 0.86953125 0.14921875 0.12421875 0.11328125
1 0.85390625 0.0359375 0.09921875 0.06640625
1 0.73203125 0.03046875 0.09765625 0.05
1 0.49453125 0.15625 0.09296875 0.07421875
1 0.34921875 0.146875 0.07734375 0.059375
1 0.3828125 0.115625 0.075 0.078125
1 0.228125 0.14296875 0.06953125 0.06484375
1 0.23828125 0.259375 0.06953125 0.071875
1 0.12109375 0.23984375 0.05390625 0.05390625
1 0.0859375 0.1546875 0.04765625 0.0609375
1 0.03515625 0.21953125 0.03828125 0.06484375
0 0.8734375 0.484375 0.253125 0.38125