1 0.09609375 0.2484375 0.090625 0.0703125
1 0.17578125 0.28671875 0.10546875 0.08671875
1 0.10625 0.6640625 0.209375 0.15703125
1 0.3921875 0.67890625 0.21953125 0.190625
1 0.75546875 0.6796875 0.24765625 0.2
1 0.71484375 0.50546875 0.12421875 0.171875
1 0.66953125 0.253125 0.09140625 0.13359375
1 0.71875 0.38515625 0.075 0.11875
1 0.75234375 0.31796875 0.05703125 0.109375
1 0.203125 0.21796875 0.06171875 0.059375
1 0.2609375 0.2203125 0.07265625 0.06328125
1 0.2953125 0.19609375 0.06015625 0.0515625
1 0.34765625 0.20859375 0.07421875 0.06328125
1 0.4359375 0.18359375 0.08671875 0.059375
1 0.52578125 0.16171875 0.06796875 0.06640625
1 0.54765625 0.1265625 0.053125 0.05546875
1 0.75390625 0.1640625 0.06328125 0.07421875
1 0.91796875 0.18046875 0.08359375 0.07421875
0 0.84375 0.0796875 0.190625 0.1
1 0.6984375 0.13125 0.059375 0.059375
1 0.609375 0.1296875 0.059375 0.06328125
1 0.66171875 0.11484375 0.053125 0.06484375