1 0.51015625 0.803125 0.23984375 0.21328125
1 0.90625 0.65546875 0.184375 0.2015625
1 0.9140625 0.86953125 0.171875 0.22578125
1 0.11484375 0.81328125 0.21875 0.19609375
0 0.49765625 0.17421875 0.19296875 0.11484375
1 0.66328125 0.2609375 0.06171875 0.10390625
1 0.721875 0.50390625 0.08828125 0.17578125
1 0.728125 0.35390625 0.05703125 0.09296875
1 0.76328125 0.2890625 0.04765625 0.09453125
1 0.77578125 0.159375 0.05 0.04453125
1 0.34765625 0.21171875 0.065625 0.06484375
1 0.25859375 0.22890625 0.05859375 0.0515625
1 0.04609375 0.35 0.0921875 0.0875
1 0.2046875 0.24375 0.05234375 0.05703125
1 0.09609375 0.265625 0.09765625 0.06484375
1 0.15703125 0.19453125 0.05625 0.05703125
1 0.71484375 0.13203125 0.05390625 0.05546875
1 0.90546875 0.17109375 0.06875 0.06484375