1 0.278125 0.73046875 0.225 0.16484375
1 0.43046875 0.9203125 0.26953125 0.159375
1 0.86796875 0.6140625 0.159375 0.23125
1 0.8890625 0.86875 0.221875 0.225
1 0.70625 0.48046875 0.07578125 0.18671875
1 0.73984375 0.32109375 0.05859375 0.109375
1 0.77578125 0.2359375 0.05625 0.10546875
1 0.67421875 0.24609375 0.071875 0.12578125
1 0.58203125 0.18203125 0.07265625 0.071875
1 0.4734375 0.221875 0.07734375 0.059375
1 0.390625 0.2 0.075 0.0484375
1 0.23203125 0.23671875 0.084375 0.05546875
1 0.15703125 0.1890625 0.053125 0.0484375
1 0.03125 0.78828125 0.0625 0.18125
1 0.52421875 0.16796875 0.05546875 0.028125
1 0.66015625 0.121875 0.04375 0.05390625
1 0.71015625 0.090625 0.03046875 0.05546875
1 0.865625 0.17578125 0.06171875 0.078125