1 0.48515625 0.775 0.25703125 0.21328125
1 0.08359375 0.80703125 0.16484375 0.20390625
1 0.32421875 0.27109375 0.09921875 0.08125
1 0.20546875 0.23984375 0.07578125 0.05703125
1 0.4328125 0.1890625 0.07109375 0.06328125
1 0.5703125 0.203125 0.08515625 0.08125
1 0.66640625 0.246875 0.078125 0.11484375
1 0.71328125 0.53671875 0.09609375 0.15390625
1 0.875 0.628125 0.15390625 0.2203125
1 0.93125 0.83828125 0.1375 0.24453125
1 0.70703125 0.41015625 0.07578125 0.11484375
1 0.72578125 0.315625 0.06015625 0.10390625
1 0.7625 0.2640625 0.04765625 0.08359375
1 0.80234375 0.2265625 0.03828125 0.07421875
1 0.84765625 0.17421875 0.05546875 0.05546875
1 0.88359375 0.103125 0.06875 0.04453125
1 0.92890625 0.16328125 0.06328125 0.059375
1 0.66171875 0.1109375 0.040625 0.04609375
1 0.61640625 0.10625 0.04296875 0.04609375
1 0.465625 0.11875 0.04609375 0.040625
1 0.38359375 0.12890625 0.046875 0.04296875
1 0.31484375 0.140625 0.04453125 0.05
1 0.215625 0.1703125 0.04609375 0.0484375
1 0.15546875 0.1859375 0.06171875 0.05390625