1 0.49609375 0.83671875 0.28984375 0.2390625
1 0.18203125 0.765625 0.23046875 0.1703125
1 0.24296875 0.30546875 0.09921875 0.08359375
1 0.071875 0.265625 0.10390625 0.07421875
1 0.15546875 0.19375 0.059375 0.05703125
1 0.715625 0.55078125 0.08984375 0.15703125
1 0.87109375 0.62421875 0.15390625 0.2203125
1 0.8921875 0.9046875 0.215625 0.190625
1 0.7046875 0.42421875 0.09140625 0.121875
1 0.71953125 0.3234375 0.06796875 0.11328125
1 0.75625 0.271875 0.04921875 0.0796875
1 0.80078125 0.23984375 0.05 0.08515625
1 0.82421875 0.19609375 0.046875 0.059375
1 0.8734375 0.1734375 0.059375 0.05546875
1 0.95546875 0.159375 0.07890625 0.059375
1 0.86953125 0.109375 0.06640625 0.05
1 0.74921875 0.16484375 0.078125 0.05
1 0.67109375 0.24921875 0.07734375 0.121875
1 0.54921875 0.196875 0.09609375 0.07421875
1 0.61328125 0.10390625 0.03984375 0.04609375
1 0.75078125 0.10390625 0.053125 0.05
0 0.41484375 0.1390625 0.16875 0.12421875
1 0.21171875 0.1703125 0.04375 0.0484375