1 0.70234375 0.50078125 0.07890625 0.1609375
1 0.840625 0.64609375 0.18828125 0.21328125
1 0.8578125 0.875 0.284375 0.24375
1 0.70390625 0.3640625 0.06640625 0.13515625
1 0.74296875 0.29453125 0.059375 0.09453125
1 0.790625 0.24375 0.05078125 0.0796875
1 0.81640625 0.19609375 0.046875 0.0609375
1 0.92734375 0.15703125 0.06640625 0.05546875
1 0.8609375 0.171875 0.06328125 0.05703125
1 0.659375 0.2515625 0.0875 0.1203125
1 0.5453125 0.13828125 0.04921875 0.04453125
1 0.63984375 0.10859375 0.0375 0.03359375
1 0.696875 0.07890625 0.03671875 0.04609375
1 0.4 0.10078125 0.028125 0.04296875
1 0.04296875 0.27109375 0.078125 0.0796875
1 0.21796875 0.16640625 0.05546875 0.04609375
1 0.25859375 0.146875 0.03984375 0.0390625