1 0.19296875 0.5453125 0.3859375 0.54375
1 0.70078125 0.434375 0.07421875 0.1609375
1 0.75078125 0.32421875 0.0625 0.14453125
1 0.74765625 0.57109375 0.13515625 0.21484375
1 0.92109375 0.69921875 0.15703125 0.24296875
0 0.64296875 0.125 0.10859375 0.14609375
1 0.0703125 0.30078125 0.10703125 0.08125
1 0.12578125 0.2453125 0.07265625 0.07421875
1 0.3375 0.16796875 0.07734375 0.059375
1 0.4625 0.196875 0.0625 0.05390625
1 0.5375 0.178125 0.065625 0.06875
1 0.42890625 0.1546875 0.040625 0.0609375
1 0.86015625 0.10859375 0.07734375 0.07578125