1 0.71328125 0.53828125 0.10703125 0.1984375
1 0.72734375 0.37421875 0.07734375 0.15390625
1 0.66484375 0.25625 0.08359375 0.15390625
1 0.27109375 0.35 0.11875 0.11875
1 0.44453125 0.3390625 0.10546875 0.1015625
1 0.41328125 0.259375 0.09765625 0.10390625
1 0.31796875 0.2703125 0.078125 0.08515625
1 0.4921875 0.18515625 0.05859375 0.0609375
1 0.06484375 0.30390625 0.11171875 0.10390625
1 0.25234375 0.18125 0.06484375 0.059375
1 0.34765625 0.1640625 0.04921875 0.059375
1 0.43046875 0.16015625 0.03671875 0.06484375
1 0.08203125 0.7359375 0.16328125 0.23125
1 0.77109375 0.10078125 0.04140625 0.0703125
1 0.628125 0.15 0.05546875 0.05703125