1 0.19765625 0.40625 0.14921875 0.1015625
1 0.28359375 0.30546875 0.10546875 0.07421875
1 0.38671875 0.378125 0.10234375 0.11640625
1 0.45703125 0.25859375 0.09140625 0.06484375
1 0.66171875 0.26796875 0.08125 0.11875
1 0.759375 0.575 0.12578125 0.228125
1 0.23671875 0.21875 0.059375 0.05546875
0 0.37578125 0.11640625 0.10859375 0.090625
1 0.40078125 0.15703125 0.03359375 0.04453125
1 0.37265625 0.1546875 0.04765625 0.0515625
1 0.40546875 0.13359375 0.03515625 0.0390625
1 0.46328125 0.203125 0.05703125 0.04296875
1 0.515625 0.20625 0.05390625 0.05703125
1 0.55390625 0.153125 0.03671875 0.05
1 0.60078125 0.1515625 0.0375 0.04609375
1 0.471875 0.15390625 0.04765625 0.03515625
1 0.659375 0.13984375 0.034375 0.05
1 0.74453125 0.07109375 0.03046875 0.040625
1 0.85859375 0.11328125 0.04296875 0.0515625
1 0.5953125 0.1203125 0.03671875 0.028125
1 0.64375 0.1046875 0.02734375 0.028125
1 0.67421875 0.10625 0.02421875 0.03125
1 0.4484375 0.1 0.028125 0.021875
0 0.4890625 0.06953125 0.07578125 0.05
1 0.54921875 0.0546875 0.04375 0.040625
1 0.64609375 0.06796875 0.021875 0.021875
1 0.55859375 0.1015625 0.02890625 0.03515625
1 0.53515625 0.109375 0.03359375 0.03671875