1 0.67109375 0.28125 0.0875 0.13671875
0 0.7625 0.090625 0.06875 0.07421875
0 0.6515625 0.08359375 0.07578125 0.078125
1 0.45078125 0.19609375 0.046875 0.06328125
1 0.37890625 0.190625 0.03515625 0.0609375
1 0.07109375 0.365625 0.09453125 0.071875
1 0.0625 0.27890625 0.08828125 0.0609375
1 0.3671875 0.153125 0.05390625 0.03515625
1 0.40546875 0.15390625 0.02421875 0.0703125
1 0.43046875 0.16640625 0.02421875 0.05546875
1 0.49765625 0.15 0.03671875 0.04453125
1 0.59140625 0.1390625 0.03671875 0.05546875
1 0.97421875 0.4734375 0.05078125 0.1203125