1 0.29140625 0.2890625 0.05078125 0.1
1 0.34140625 0.24140625 0.04453125 0.07578125
1 0.39296875 0.271875 0.03515625 0.08125
1 0.45390625 0.259375 0.040625 0.08125
1 0.46171875 0.3953125 0.08203125 0.13125
1 0.39453125 0.46953125 0.096875 0.17421875
1 0.6265625 0.60703125 0.1875 0.21484375
1 0.675 0.2765625 0.07421875 0.11328125
1 0.69921875 0.11171875 0.03984375 0.04609375
1 0.475 0.196875 0.040625 0.05
1 0.42109375 0.20625 0.0375 0.05546875
1 0.38203125 0.190625 0.03046875 0.0484375
1 0.35390625 0.184375 0.025 0.0609375
1 0.33125 0.17578125 0.02578125 0.040625
1 0.27890625 0.19375 0.04140625 0.04296875
1 0.20859375 0.2484375 0.06875 0.06484375
1 0.171875 0.2984375 0.075 0.08125
1 0.028125 0.35078125 0.05546875 0.0609375
1 0.01796875 0.40390625 0.0359375 0.0765625
1 0.53671875 0.13203125 0.040625 0.05