1 0.30859375 0.50859375 0.084375 0.15390625
1 0.54609375 0.6484375 0.16015625 0.259375
1 0.521875 0.46875 0.14296875 0.18515625
1 0.66640625 0.27890625 0.09921875 0.13515625
1 0.46796875 0.33203125 0.06796875 0.11328125
1 0.421875 0.29921875 0.05390625 0.07421875
1 0.36796875 0.36015625 0.075 0.13125
1 0.28203125 0.36015625 0.04453125 0.09453125
0 0.15859375 0.33671875 0.184375 0.2390625
1 0.03828125 0.5609375 0.07265625 0.18515625
1 0.815625 0.859375 0.30703125 0.28125
1 0.8921875 0.696875 0.215625 0.26875
1 0.48125 0.23671875 0.040625 0.06640625
1 0.43359375 0.2140625 0.03046875 0.0515625
1 0.38828125 0.2453125 0.03984375 0.06484375
1 0.34140625 0.24375 0.03203125 0.06484375
1 0.29140625 0.215625 0.04375 0.04609375
0 0.20078125 0.22578125 0.128125 0.10390625
0 0.35546875 0.1703125 0.06796875 0.08515625
1 0.4515625 0.17890625 0.03515625 0.0609375
1 0.5140625 0.16875 0.02265625 0.06328125