1 0.60859375 0.61015625 0.315625 0.2515625
1 0.9015625 0.89765625 0.19375 0.2046875
1 0.475 0.878125 0.259375 0.24375
1 0.09921875 0.865625 0.19765625 0.23515625
1 0.9296875 0.4109375 0.140625 0.190625
1 0.8375 0.26484375 0.13203125 0.12578125
1 0.88203125 0.225 0.10703125 0.09296875
1 0.9546875 0.2046875 0.090625 0.109375
1 0.81484375 0.165625 0.103125 0.11328125
1 0.7421875 0.19296875 0.10390625 0.1109375
1 0.6765625 0.1359375 0.08984375 0.090625
1 0.578125 0.109375 0.08203125 0.07421875
1 0.540625 0.175 0.10390625 0.10390625
1 0.45703125 0.203125 0.09609375 0.0984375
1 0.3015625 0.20859375 0.10546875 0.08671875
1 0.23984375 0.15625 0.08125 0.07578125
1 0.14765625 0.18828125 0.07109375 0.08359375
1 0.121875 0.13359375 0.071875 0.07578125
1 0.1609375 0.05078125 0.06015625 0.06875
1 0.39921875 0.07890625 0.05625 0.0796875
1 0.46640625 0.09296875 0.0625 0.08671875
1 0.35703125 0.0609375 0.03828125 0.05546875
1 0.02578125 0.16171875 0.05078125 0.090625