1 0.19375 0.13203125 0.0875 0.08359375
1 0.5515625 0.2734375 0.13984375 0.13359375
1 0.5953125 0.59921875 0.30390625 0.23515625
1 0.73125 0.903125 0.315625 0.19375
1 0.57109375 0.11484375 0.09921875 0.10390625
1 0.38984375 0.0765625 0.05859375 0.0796875
1 0.465625 0.090625 0.065625 0.07421875
1 0.6640625 0.12421875 0.08515625 0.078125
1 0.72890625 0.18515625 0.1125 0.1109375
1 0.83359375 0.18359375 0.096875 0.09296875
1 0.94140625 0.24140625 0.11640625 0.0984375
1 0.04609375 0.10625 0.07734375 0.08359375
1 0.26640625 0.8734375 0.25390625 0.2484375