1 0.603125 0.60703125 0.325 0.27578125
1 0.46953125 0.2484375 0.10703125 0.1109375
1 0.53671875 0.88515625 0.28671875 0.2296875
1 0.12734375 0.9015625 0.25390625 0.19296875
1 0.91015625 0.375 0.17890625 0.1984375
1 0.7484375 0.16328125 0.10234375 0.0890625
1 0.509375 0.10625 0.07109375 0.0703125
1 0.40234375 0.08203125 0.0625 0.05703125
1 0.35390625 0.065625 0.04921875 0.059375
1 0.26796875 0.03203125 0.034375 0.040625
1 0.30078125 0.0296875 0.02734375 0.040625
1 0.10078125 0.0796875 0.08515625 0.05703125