1 0.09453125 0.88203125 0.18828125 0.23515625
0 0.51875 0.834375 0.39765625 0.33125
1 0.603125 0.6484375 0.30859375 0.3203125
1 0.9390625 0.90234375 0.11875 0.1953125
1 0.94453125 0.209375 0.11015625 0.10390625
1 0.69375 0.16328125 0.103125 0.090625
1 0.54453125 0.13359375 0.09296875 0.0796875
1 0.36640625 0.0859375 0.04609375 0.059375
1 0.32890625 0.06796875 0.02734375 0.05546875
1 0.33984375 0.03359375 0.03046875 0.04296875
1 0.30390625 0.034375 0.034375 0.05390625
1 0.26484375 0.0453125 0.03046875 0.04609375