1 0.03515625 0.8640625 0.06953125 0.20703125
1 0.8 0.89453125 0.34453125 0.2109375
1 0.59296875 0.63203125 0.30234375 0.3015625
1 0.68203125 0.50390625 0.1875 0.1390625
1 0.83125 0.18203125 0.1125 0.13359375
1 0.04296875 0.38671875 0.08125 0.271875
1 0.49453125 0.240625 0.121875 0.12421875
1 0.26484375 0.04453125 0.028125 0.03359375
1 0.30390625 0.04140625 0.03203125 0.04453125
1 0.33984375 0.03515625 0.03359375 0.05546875
1 0.23515625 0.03125 0.05234375 0.05546875
1 0.32265625 0.88515625 0.32578125 0.2296875