1 0.08046875 0.8859375 0.15859375 0.228125
1 0.50859375 0.8890625 0.27421875 0.221875
1 0.8859375 0.91171875 0.228125 0.17578125
1 0.584375 0.6265625 0.28671875 0.23671875
1 0.58984375 0.3203125 0.15234375 0.12578125
1 0.325 0.27890625 0.140625 0.1
1 0.05 0.22578125 0.1 0.078125
1 0.83125 0.1203125 0.09453125 0.09296875
0 0.9609375 0.05625 0.075 0.1125
1 0.91640625 0.0265625 0.03515625 0.03515625
1 0.334375 0.05546875 0.03359375 0.04453125
1 0.3578125 0.03984375 0.02421875 0.03671875
1 0.30390625 0.05859375 0.03203125 0.04453125
1 0.26953125 0.06328125 0.03515625 0.03671875
0 0.25390625 0.0359375 0.084375 0.06328125