1 0.42734375 0.325 0.14453125 0.11875
1 0.17265625 0.4109375 0.17109375 0.1390625
1 0.15390625 0.875 0.28359375 0.2484375
1 0.628125 0.90234375 0.309375 0.1953125
1 0.57578125 0.628125 0.30625 0.27578125
1 0.79921875 0.14453125 0.1 0.078125
1 0.965625 0.2609375 0.06875 0.09296875
1 0.84921875 0.11875 0.06953125 0.05
1 0.93046875 0.0390625 0.11875 0.078125
1 0.34921875 0.128125 0.07578125 0.05390625
1 0.134375 0.21640625 0.09921875 0.08671875
1 0.04453125 0.203125 0.0890625 0.10625
1 0.26796875 0.053125 0.02890625 0.03125
1 0.30390625 0.046875 0.02734375 0.03359375
1 0.33515625 0.04453125 0.02421875 0.03515625
1 0.35625 0.02890625 0.02578125 0.03125
0 0.2578125 0.034375 0.084375 0.06875