1 0.59140625 0.6453125 0.32265625 0.27578125
0 0.88125 0.33046875 0.2375 0.2359375
1 0.70859375 0.2640625 0.13125 0.1203125
1 0.44453125 0.37890625 0.17578125 0.14609375
1 0.32734375 0.24140625 0.146875 0.0984375
1 0.42109375 0.13203125 0.08046875 0.05546875
1 0.68828125 0.13515625 0.1 0.0796875
1 0.628125 0.11484375 0.084375 0.06640625
1 0.98046875 0.165625 0.03828125 0.0984375
0 0.95625 0.08359375 0.0875 0.13359375
1 0.25703125 0.1265625 0.08984375 0.08671875
1 0.1875 0.17890625 0.109375 0.06484375
1 0.14140625 0.20625 0.12109375 0.07421875
1 0.08984375 0.31015625 0.11171875 0.1203125
1 0.05546875 0.190625 0.10859375 0.07421875
1 0.02109375 0.2796875 0.0421875 0.0875
0 0.58203125 0.08203125 0.21171875 0.1015625