1 0.59609375 0.61484375 0.28984375 0.2609375
1 0.68671875 0.31328125 0.1375 0.0984375
1 0.375 0.359375 0.43984375 0.29609375
1 0.58203125 0.13671875 0.08671875 0.06484375
1 0.5859375 0.0765625 0.21171875 0.10703125
1 0.77265625 0.11171875 0.075 0.04453125
1 0.8109375 0.140625 0.08671875 0.05546875
1 0.92734375 0.16328125 0.08203125 0.0703125
1 0.93046875 0.075 0.13828125 0.10390625
1 0.2125 0.1 0.21171875 0.0984375
1 0.35390625 0.13359375 0.084375 0.06328125
1 0.17734375 0.18046875 0.08828125 0.0609375
1 0.1390625 0.20625 0.08671875 0.06875
1 0.05390625 0.19375 0.08828125 0.06640625