1 0.58671875 0.6234375 0.325 0.28359375
0 0.72578125 0.36484375 0.44140625 0.290625
1 0.26484375 0.29921875 0.14921875 0.12578125
1 0.13515625 0.2109375 0.09921875 0.0890625
1 0.178125 0.18203125 0.09375 0.07421875
1 0.05390625 0.19140625 0.090625 0.0796875
1 0.30078125 0.1390625 0.0875 0.0796875
1 0.46328125 0.1390625 0.10234375 0.08671875
1 0.68671875 0.13828125 0.10390625 0.078125
1 0.79921875 0.12109375 0.08671875 0.07421875
0 0.12734375 0.1015625 0.253125 0.10546875
1 0.91484375 0.15625 0.08359375 0.0703125
1 0.978125 0.165625 0.04375 0.078125
0 0.63203125 0.0703125 0.22421875 0.13671875
1 0.33203125 0.04375 0.034375 0.05
1 0.2984375 0.046875 0.03203125 0.05546875
1 0.26484375 0.0515625 0.034375 0.05546875