0 0.56015625 0.34921875 0.49140625 0.31640625
1 0.59296875 0.63203125 0.32265625 0.2390625
1 0.20625 0.3234375 0.13828125 0.11484375
0 0.0859375 0.2390625 0.171875 0.1796875
1 0.4828125 0.128125 0.090625 0.0890625
1 0.68359375 0.12421875 0.08515625 0.06875
1 0.82734375 0.2734375 0.11328125 0.121875
1 0.896875 0.16328125 0.10078125 0.090625
1 0.940625 0.11328125 0.08671875 0.06484375
1 0.97578125 0.16875 0.04765625 0.0890625
0 0.5296875 0.0796875 0.28125 0.13125
1 0.3296875 0.0484375 0.03515625 0.0515625
1 0.29765625 0.05078125 0.03046875 0.0515625
1 0.2421875 0.02578125 0.00078125 0.0015625