1 0.5375 0.32578125 0.14140625 0.11875
1 0.78515625 0.3140625 0.140625 0.11484375
1 0.6484375 0.12421875 0.10234375 0.090625
1 0.496875 0.253125 0.11875 0.1109375
1 0.2625 0.2765625 0.11875 0.1015625
1 0.1328125 0.21015625 0.09921875 0.08125
1 0.05234375 0.1984375 0.07890625 0.08359375
1 0.9046875 0.16875 0.09375 0.090625
1 0.865625 0.10859375 0.228125 0.1296875
1 0.978125 0.17421875 0.04375 0.090625
1 0.33046875 0.046875 0.02890625 0.05703125
1 0.2984375 0.053125 0.025 0.04453125
1 0.26484375 0.0546875 0.02890625 0.04453125