1 0.59453125 0.6546875 0.29921875 0.31328125
1 0.50546875 0.33046875 0.13125 0.14296875
1 0.71171875 0.3046875 0.13828125 0.13125
1 0.85234375 0.221875 0.10625 0.09609375
1 0.71328125 0.190625 0.06953125 0.0796875
1 0.63828125 0.2234375 0.10390625 0.11640625
1 0.57734375 0.1515625 0.25859375 0.11875
1 0.38125 0.16796875 0.10078125 0.08359375
1 0.296875 0.28671875 0.134375 0.09296875
1 0.190625 0.22109375 0.09453125 0.0796875
1 0.10078125 0.38828125 0.15703125 0.15390625
1 0.33203125 0.0609375 0.04453125 0.0515625
1 0.2625 0.06484375 0.04296875 0.04453125
1 0.30078125 0.06015625 0.028125 0.05
1 0.02578125 0.20078125 0.0515625 0.1609375
1 0.2421875 0.04296875 0.06953125 0.08515625
1 0.9203125 0.05078125 0.05390625 0.059375
1 0.82421875 0.11875 0.06171875 0.08359375