1 0.584375 0.64453125 0.30078125 0.25546875
1 0.67421875 0.296875 0.12734375 0.10703125
1 0.5015625 0.34140625 0.09140625 0.13125
1 0.31640625 0.42421875 0.15 0.1390625
1 0.31640625 0.32890625 0.14453125 0.071875
1 0.0640625 0.51875 0.128125 0.1703125
1 0.21875 0.26015625 0.08828125 0.13125
1 0.48515625 0.1546875 0.32734375 0.09453125
1 0.73671875 0.19453125 0.09296875 0.09609375
1 0.921875 0.2546875 0.08828125 0.13359375
1 0.89296875 0.1046875 0.04453125 0.0609375
1 0.8734375 0.18046875 0.071875 0.06484375
1 0.09921875 0.190625 0.19453125 0.1296875