1 0.60390625 0.6546875 0.29296875 0.309375
1 0.64140625 0.34921875 0.128125 0.109375
1 0.81328125 0.29375 0.090625 0.1
1 0.96640625 0.28671875 0.06640625 0.09609375
1 0.3390625 0.425 0.12265625 0.0984375
1 0.3328125 0.34296875 0.15703125 0.06328125
1 0.1640625 0.38125 0.14296875 0.10390625
1 0.05625 0.52109375 0.1125 0.15703125
1 0.1546875 0.28515625 0.11875 0.09609375
1 0.21171875 0.215625 0.115625 0.0984375
1 0.10703125 0.19609375 0.10234375 0.06640625
1 0.03359375 0.2390625 0.05625 0.09296875
1 0.5109375 0.3234375 0.10703125 0.13125
1 0.68046875 0.20078125 0.1125 0.08671875
1 0.86015625 0.196875 0.08046875 0.09296875
1 0.88046875 0.23515625 0.084375 0.1
0 0.48671875 0.146875 0.33984375 0.14453125
0 0.89921875 0.1046875 0.20078125 0.09609375