1 0.59296875 0.6609375 0.30234375 0.27421875
1 0.6671875 0.36171875 0.11015625 0.13515625
1 0.90625 0.3 0.10078125 0.121875
1 0.81640625 0.271875 0.07578125 0.0890625
1 0.58828125 0.3015625 0.11640625 0.06640625
1 0.34609375 0.4765625 0.134375 0.14609375
1 0.20859375 0.4234375 0.14140625 0.13671875
1 0.0609375 0.56875 0.121875 0.13671875
1 0.16953125 0.33671875 0.125 0.15
1 0.2265625 0.246875 0.11875 0.08671875
1 0.45390625 0.19375 0.090625 0.09453125
1 0.42109375 0.35703125 0.14609375 0.0890625
1 0.39140625 0.3015625 0.17109375 0.0609375
1 0.63046875 0.23515625 0.1 0.08515625
1 0.07265625 0.23671875 0.08515625 0.07421875
1 0.29921875 0.18203125 0.11484375 0.06875
0 0.88359375 0.17890625 0.23203125 0.1390625