1 0.58671875 0.66640625 0.275 0.3
1 0.66484375 0.3390625 0.13359375 0.121875
1 0.91796875 0.30625 0.09921875 0.11640625
1 0.4140625 0.44921875 0.16640625 0.1015625
1 0.28671875 0.42109375 0.128125 0.08671875
1 0.0875 0.5796875 0.16328125 0.14453125
1 0.23828125 0.26875 0.06875 0.09609375
0 0.41484375 0.26953125 0.31640625 0.20546875
1 0.07734375 0.4 0.15390625 0.121875
1 0.12421875 0.2203125 0.08671875 0.08359375
1 0.04453125 0.21640625 0.07265625 0.06640625
1 0.70703125 0.171875 0.29453125 0.13515625
1 0.8890625 0.1296875 0.03359375 0.09609375