1 0.11796875 0.90546875 0.2359375 0.1859375
1 0.45859375 0.9140625 0.28046875 0.16875
1 0.59921875 0.646875 0.321875 0.24609375
1 0.74296875 0.303125 0.115625 0.15
1 0.865625 0.16640625 0.08046875 0.1109375
1 0.9375 0.14453125 0.05078125 0.078125
1 0.47109375 0.2234375 0.10703125 0.10703125
1 0.5125 0.16796875 0.11015625 0.0796875
1 0.38671875 0.15 0.07421875 0.078125
1 0.12734375 0.30390625 0.07890625 0.1203125
1 0.04140625 0.22578125 0.05390625 0.08515625
1 0.2015625 0.1765625 0.04375 0.08359375
1 0.12734375 0.22109375 0.059375 0.07578125
0 0.253125 0.10546875 0.065625 0.11875