1 0.45546875 0.93671875 0.30546875 0.12578125
1 0.85859375 0.915625 0.271875 0.13125
1 0.59765625 0.65703125 0.24453125 0.271875
1 0.86875 0.4234375 0.14609375 0.15
1 0.55234375 0.29296875 0.09140625 0.12578125
1 0.57578125 0.1984375 0.09765625 0.08125
1 0.31875 0.23671875 0.07734375 0.12578125
1 0.41171875 0.14921875 0.1125 0.11640625
0 0.10390625 0.21640625 0.16328125 0.259375
1 0.21484375 0.18125 0.03984375 0.10546875
1 0.2765625 0.10546875 0.0375 0.0484375
1 0.9265625 0.13515625 0.04296875 0.0703125
1 0.95546875 0.27890625 0.07578125 0.1015625