1 0.68828125 0.92109375 0.309375 0.14296875
1 0.28359375 0.91484375 0.34296875 0.1703125
1 0.60078125 0.65 0.29765625 0.22578125
1 0.57734375 0.296875 0.096875 0.1390625
1 0.83359375 0.246875 0.11953125 0.128125
1 0.6921875 0.215625 0.115625 0.1109375
1 0.5734375 0.178125 0.08984375 0.071875
1 0.42578125 0.2609375 0.09296875 0.121875
1 0.48359375 0.21171875 0.0875 0.09453125
1 0.32109375 0.23203125 0.09453125 0.1015625
1 0.1359375 0.265625 0.08671875 0.08671875
1 0.0546875 0.221875 0.09375 0.10546875
1 0.12890625 0.17421875 0.04140625 0.0703125
1 0.19765625 0.165625 0.07421875 0.07578125
0 0.25078125 0.10703125 0.10859375 0.1015625
1 0.340625 0.084375 0.03828125 0.08359375
1 0.98125 0.125 0.03046875 0.08359375