1 0.275 0.91640625 0.30546875 0.16640625
1 0.675 0.92109375 0.33671875 0.15703125
1 0.60234375 0.66953125 0.29375 0.23515625
1 0.7375 0.2796875 0.13046875 0.14609375
1 0.82578125 0.240625 0.125 0.13359375
1 0.56875 0.30546875 0.10078125 0.11875
1 0.5609375 0.171875 0.14140625 0.1484375
1 0.42109375 0.278125 0.0875 0.1
1 0.48046875 0.23046875 0.06953125 0.10390625
1 0.32421875 0.2359375 0.06640625 0.10546875
0 0.08984375 0.29609375 0.1796875 0.3890625
1 0.215625 0.1703125 0.05078125 0.09453125
1 0.29921875 0.10703125 0.05234375 0.0796875
1 0.915625 0.10078125 0.04140625 0.071875
1 0.84609375 0.07890625 0.0375 0.071875