1 0.265625 0.903125 0.2625 0.19375
1 0.6765625 0.903125 0.3125 0.19375
1 0.58671875 0.65078125 0.325 0.20390625
1 0.58046875 0.296875 0.12109375 0.11640625
0 0.72890625 0.27890625 0.140625 0.15390625
1 0.83515625 0.240625 0.16484375 0.1890625
1 0.69140625 0.18828125 0.11953125 0.0984375
1 0.43515625 0.25546875 0.1125 0.10390625
1 0.48515625 0.22109375 0.09140625 0.090625
1 0.56640625 0.16328125 0.08671875 0.08515625
1 0.33046875 0.228125 0.06171875 0.10390625
1 0.125 0.25390625 0.075 0.0890625
1 0.04921875 0.28515625 0.05625 0.1296875
1 0.17109375 0.18671875 0.0375 0.06640625
1 0.20390625 0.1359375 0.04921875 0.10546875
1 0.303125 0.103125 0.03046875 0.0984375