1 0.596875 0.6515625 0.271875 0.21875
1 0.67265625 0.91015625 0.346875 0.1796875
1 0.2640625 0.90625 0.31171875 0.18671875
1 0.10703125 0.2953125 0.07421875 0.11328125
1 0.03984375 0.309375 0.07421875 0.12578125
1 0.16328125 0.20390625 0.03359375 0.09296875
1 0.19921875 0.153125 0.03828125 0.08671875
1 0.2234375 0.08203125 0.0375 0.071875
1 0.43046875 0.25859375 0.07421875 0.0796875
1 0.578125 0.29453125 0.11328125 0.10703125
1 0.72421875 0.26015625 0.12109375 0.13515625
1 0.82734375 0.2390625 0.13828125 0.16328125
1 0.6859375 0.1890625 0.09296875 0.0703125
1 0.5828125 0.18125 0.07734375 0.0890625
1 0.48203125 0.21796875 0.07421875 0.08671875