1 0.6421875 0.90625 0.31015625 0.15
1 0.19765625 0.9203125 0.27578125 0.159375
1 0.58359375 0.659375 0.26953125 0.24453125
1 0.60390625 0.36171875 0.11875 0.13515625
1 0.73203125 0.2859375 0.14609375 0.11640625
1 0.83671875 0.2453125 0.13671875 0.14296875
1 0.4265625 0.2734375 0.10859375 0.10546875
1 0.48125 0.2234375 0.07421875 0.1015625
1 0.57578125 0.16640625 0.10703125 0.059375
1 0.6875 0.2 0.08828125 0.0796875
1 0.56796875 0.27421875 0.140625 0.09296875
1 0.303125 0.26171875 0.08046875 0.1015625
0 0.07890625 0.21484375 0.14375 0.22421875
1 0.1921875 0.11328125 0.04296875 0.078125
1 0.30078125 0.0890625 0.02265625 0.06640625
1 0.9328125 0.13203125 0.04765625 0.07421875