1 0.5921875 0.903125 0.328125 0.19375
1 0.1546875 0.9140625 0.27734375 0.171875
1 0.59609375 0.6703125 0.27421875 0.2703125
1 0.73828125 0.37109375 0.12890625 0.15390625
1 0.8328125 0.24609375 0.12109375 0.18125
1 0.6828125 0.2234375 0.12109375 0.11328125
1 0.58515625 0.19921875 0.09140625 0.1203125
1 0.509375 0.22578125 0.11796875 0.13671875
1 0.42421875 0.28125 0.128125 0.121875
1 0.31015625 0.24453125 0.096875 0.10390625
1 0.32578125 0.19609375 0.08671875 0.08125
1 0.18046875 0.26015625 0.096875 0.1015625
1 0.196875 0.11640625 0.059375 0.0703125
1 0.0578125 0.18828125 0.075 0.09296875
1 0.92421875 0.140625 0.05078125 0.08125