1 0.57421875 0.19609375 0.07890625 0.09609375
1 0.64296875 0.25546875 0.11484375 0.10546875
1 0.69453125 0.21875 0.10234375 0.0984375
1 0.83359375 0.265625 0.15234375 0.16875
1 0.96171875 0.28125 0.06875 0.07578125
1 0.975 0.34296875 0.04453125 0.08515625
1 0.59921875 0.6609375 0.31953125 0.26640625
1 0.65078125 0.86640625 0.25078125 0.18515625
1 0.84453125 0.946875 0.30546875 0.0984375
1 0.340625 0.92109375 0.23046875 0.15703125
1 0.05625 0.8859375 0.10390625 0.228125
1 0.1921875 0.13125 0.04765625 0.090625
1 0.12578125 0.1453125 0.05 0.071875
1 0.33984375 0.0765625 0.07109375 0.12421875
1 0.26640625 0.10859375 0.03203125 0.05
1 0.90703125 0.1359375 0.05078125 0.08671875
1 0.8328125 0.0453125 0.05625 0.0796875
1 0.9171875 0.05859375 0.10234375 0.1109375
1 0.290625 0.10859375 0.028125 0.09453125
1 0.23515625 0.1140625 0.03515625 0.06875