1 0.05703125 0.16796875 0.08515625 0.0796875
1 0.1953125 0.134375 0.05234375 0.090625
1 0.15625 0.12890625 0.03828125 0.07578125
0 0.35078125 0.125 0.12265625 0.18359375
1 0.453125 0.309375 0.11953125 0.10390625
1 0.57421875 0.2015625 0.08359375 0.1015625
1 0.64765625 0.2640625 0.096875 0.128125
1 0.734375 0.24609375 0.1375 0.16328125
1 0.93671875 0.30546875 0.12578125 0.22578125
1 0.86796875 0.5 0.18984375 0.22578125
1 0.60390625 0.69140625 0.31171875 0.340625
1 0.5296875 0.88359375 0.28359375 0.19609375
1 0.9703125 0.83046875 0.059375 0.17421875
1 0.8046875 0.96015625 0.3125 0.0796875
1 0.23671875 0.91640625 0.27421875 0.16640625
1 0.2375 0.26484375 0.09453125 0.10390625
1 0.2671875 0.109375 0.02578125 0.05546875
1 0.91796875 0.1296875 0.06171875 0.059375
1 0.8421875 0.06875 0.03359375 0.05703125
1 0.89921875 0.07578125 0.03203125 0.040625
1 0.9734375 0.11328125 0.053125 0.11875
0 0.24765625 0.08828125 0.08046875 0.08671875