1 0.19375 0.12578125 0.05078125 0.07421875
1 0.26953125 0.103125 0.02734375 0.0515625
1 0.303125 0.11484375 0.03203125 0.06328125
1 0.34765625 0.13125 0.03046875 0.06328125
1 0.43203125 0.17890625 0.075 0.08671875
1 0.4765625 0.34296875 0.12890625 0.13671875
1 0.6015625 0.6703125 0.3125 0.2515625
1 0.86640625 0.484375 0.17578125 0.16640625
1 0.715625 0.1765625 0.259375 0.228125
1 0.1390625 0.13125 0.08515625 0.06640625
1 0.2484375 0.08203125 0.075 0.0796875
1 0.14609375 0.86796875 0.26796875 0.2296875
1 0.69296875 0.8609375 0.26796875 0.17421875
1 0.8453125 0.940625 0.25546875 0.11875
1 0.50546875 0.92578125 0.31875 0.1484375
1 0.86484375 0.04375 0.046875 0.071875
1 0.93828125 0.0734375 0.03828125 0.071875