1 0.2 0.128125 0.05546875 0.08359375
1 0.271875 0.10625 0.025 0.05
1 0.36640625 0.12578125 0.053125 0.0515625
1 0.8046875 0.2734375 0.11484375 0.1390625
1 0.9671875 0.11171875 0.05625 0.08359375
1 0.89921875 0.0515625 0.03203125 0.0484375
1 0.84921875 0.05546875 0.03671875 0.05546875
1 0.60546875 0.68828125 0.33125 0.25390625
1 0.9109375 0.84921875 0.178125 0.1796875
1 0.52265625 0.9296875 0.30234375 0.140625
1 0.8828125 0.95 0.234375 0.1
1 0.28828125 0.8390625 0.27421875 0.23671875
1 0.04921875 0.89453125 0.09765625 0.2109375
1 0.24765625 0.0765625 0.078125 0.0796875
1 0.3125 0.1265625 0.03671875 0.07578125