1 0.20546875 0.13671875 0.06171875 0.08359375
0 0.24765625 0.07421875 0.07265625 0.09609375
1 0.30703125 0.1140625 0.03828125 0.05546875
1 0.36953125 0.1296875 0.03515625 0.06875
1 0.325 0.25390625 0.09296875 0.121875
1 0.5515625 0.20390625 0.07421875 0.10546875
1 0.72109375 0.209375 0.08671875 0.10703125
1 0.79296875 0.4359375 0.17421875 0.16328125
1 0.59765625 0.6765625 0.31484375 0.24296875
1 0.5359375 0.8875 0.309375 0.225
1 0.26640625 0.93671875 0.30859375 0.12578125
1 0.8703125 0.940625 0.259375 0.11875
1 0.928125 0.0953125 0.059375 0.07421875