0 0.29921875 0.66953125 0.375 0.471875
0 0.43046875 0.5734375 0.29609375 0.3390625
0 0.8015625 0.78515625 0.396875 0.4296875
0 0.9140625 0.46953125 0.171875 0.2390625
0 0.39609375 0.31015625 0.15546875 0.14296875
0 0.29765625 0.33203125 0.13125 0.13515625
0 0.07109375 0.36484375 0.14140625 0.159375
1 0.14140625 0.44453125 0.06640625 0.09296875
1 0.51953125 0.3890625 0.0875 0.09609375
1 0.44296875 0.40859375 0.08984375 0.11328125
1 0.58984375 0.46640625 0.1125 0.13125
1 0.65546875 0.421875 0.10703125 0.11640625
1 0.76484375 0.52421875 0.125 0.140625
1 0.9546875 0.5953125 0.090625 0.15625
1 0.65390625 0.2984375 0.09375 0.078125
1 0.53828125 0.26171875 0.05390625 0.06484375
0 0.35546875 0.19296875 0.09453125 0.07421875
0 0.20234375 0.19140625 0.06875 0.05703125