0 0.80390625 0.7765625 0.39140625 0.44609375
0 0.9125 0.46015625 0.175 0.2390625
1 0.95859375 0.61328125 0.08203125 0.140625
1 0.78828125 0.54140625 0.17265625 0.16484375
1 0.6734375 0.43671875 0.14375 0.13359375
1 0.60546875 0.47578125 0.13046875 0.140625
1 0.51953125 0.38984375 0.07734375 0.0984375
1 0.45234375 0.41640625 0.09375 0.09296875
0 0.37734375 0.565625 0.42578125 0.43515625
0 0.29609375 0.34296875 0.16171875 0.1609375
0 0.396875 0.3265625 0.134375 0.15703125
0 0.07265625 0.37109375 0.1453125 0.1734375
1 0.14140625 0.4515625 0.065625 0.0890625
1 0.59921875 0.915625 0.18359375 0.16875