0 0.06875 0.3609375 0.13671875 0.1703125
1 0.14609375 0.4390625 0.078125 0.1
0 0.37578125 0.55546875 0.42265625 0.4484375
0 0.8078125 0.78671875 0.384375 0.42578125
0 0.90859375 0.44453125 0.18203125 0.221875
1 0.771875 0.52109375 0.165625 0.1484375
1 0.9546875 0.6109375 0.090625 0.14375
1 0.59609375 0.48203125 0.13125 0.16875
1 0.68515625 0.428125 0.10625 0.13359375
1 0.52421875 0.37109375 0.10546875 0.09453125
1 0.45234375 0.40859375 0.09765625 0.09453125
0 0.41171875 0.3015625 0.17421875 0.1484375
0 0.290625 0.33046875 0.159375 0.1609375