0 0.35390625 0.5890625 0.384375 0.41875
1 0.446875 0.40390625 0.08671875 0.090625
1 0.50859375 0.37421875 0.075 0.0890625
1 0.60078125 0.465625 0.12734375 0.13125
1 0.67109375 0.428125 0.11875 0.10546875
1 0.778125 0.5265625 0.15546875 0.15
1 0.9515625 0.58359375 0.096875 0.1109375
0 0.9140625 0.43515625 0.171875 0.1984375
0 0.79921875 0.78046875 0.38359375 0.41640625
0 0.0703125 0.3703125 0.13046875 0.1390625
1 0.13515625 0.43203125 0.06484375 0.08125
0 0.2859375 0.32421875 0.159375 0.11875
0 0.4171875 0.30390625 0.10390625 0.12421875
1 0.16171875 0.27421875 0.05859375 0.0484375
1 0.06328125 0.2484375 0.025 0.03671875
1 0.36171875 0.178125 0.02265625 0.028125
1 0.309375 0.2203125 0.034375 0.03125