1 0.38828125 0.70625 0.215625 0.26484375
1 0.78515625 0.690625 0.225 0.240625
1 0.19609375 0.52890625 0.15859375 0.209375
1 0.06640625 0.45 0.0875 0.12578125
1 0.12265625 0.35078125 0.09765625 0.15
1 0.15546875 0.24921875 0.06640625 0.07578125
1 0.340625 0.25703125 0.05078125 0.0703125
1 0.02265625 0.359375 0.04453125 0.08359375
1 0.02578125 0.30859375 0.03359375 0.06484375
1 0.0453125 0.27109375 0.0375 0.05
1 0.25078125 0.2296875 0.053125 0.07421875
0 0.246875 0.1703125 0.103125 0.1
0 0.66171875 0.22578125 0.225 0.12578125