1 0.02265625 0.3171875 0.0453125 0.096875
1 0.1015625 0.2453125 0.03359375 0.05390625
1 0.25859375 0.36171875 0.06328125 0.0796875
1 0.43203125 0.378125 0.075 0.078125
1 0.40703125 0.33125 0.0625 0.059375
1 0.42578125 0.25625 0.05625 0.05703125
1 0.64921875 0.45625 0.12578125 0.12421875
1 0.67421875 0.39609375 0.11171875 0.0890625
1 0.8046875 0.7015625 0.19453125 0.19453125
1 0.89453125 0.59296875 0.21015625 0.22578125
0 0.9 0.40390625 0.2 0.2109375
1 0.55859375 0.19453125 0.05546875 0.0484375
1 0.9609375 0.2765625 0.078125 0.071875
1 0.29375 0.16171875 0.0375 0.040625
1 0.4546875 0.1703125 0.02890625 0.0484375
1 0.36953125 0.16484375 0.03515625 0.03671875