1 0.4046875 0.36875 0.08671875 0.08515625
1 0.5046875 0.40859375 0.09921875 0.10390625
1 0.55234375 0.35 0.09765625 0.1015625
1 0.6234375 0.509375 0.13984375 0.13671875
1 0.67890625 0.453125 0.13671875 0.10546875
1 0.67734375 0.39453125 0.11953125 0.08359375
1 0.89375 0.58203125 0.21015625 0.228125
0 0.89765625 0.3890625 0.19921875 0.190625
1 0.98046875 0.26171875 0.03828125 0.05390625
1 0.55234375 0.190625 0.04921875 0.04296875
1 0.45625 0.16875 0.03671875 0.03515625
1 0.28203125 0.20625 0.03125 0.040625
1 0.25390625 0.18125 0.03046875 0.03515625
1 0.2 0.184375 0.03515625 0.03359375
1 0.1484375 0.1859375 0.03046875 0.0296875