1 0.1015625 0.57109375 0.08359375 0.128125
1 0.18203125 0.5703125 0.06953125 0.12578125
1 0.32734375 0.52890625 0.10859375 0.19453125
1 0.396875 0.48046875 0.06640625 0.121875
1 0.4265625 0.4359375 0.06328125 0.0796875
1 0.50859375 0.46484375 0.08203125 0.1
1 0.64296875 0.48984375 0.07890625 0.09453125
1 0.69453125 0.69453125 0.11328125 0.1703125
1 0.84375 0.58046875 0.15078125 0.2296875
1 0.92734375 0.53671875 0.109375 0.13359375
1 0.59140625 0.384375 0.06640625 0.08671875
1 0.6609375 0.346875 0.05625 0.109375
1 0.70078125 0.3703125 0.046875 0.05546875
1 0.765625 0.34921875 0.046875 0.06328125
1 0.73984375 0.33671875 0.034375 0.0484375
1 0.79296875 0.290625 0.059375 0.08515625
1 0.9671875 0.38515625 0.065625 0.1046875
1 0.84609375 0.39921875 0.07734375 0.08359375
1 0.865625 0.35625 0.06953125 0.06875
1 0.16015625 0.44609375 0.08515625 0.05390625
1 0.15234375 0.50859375 0.059375 0.05703125