1 0.15703125 0.5296875 0.06640625 0.08125
1 0.18984375 0.590625 0.06484375 0.1109375
1 0.10078125 0.6015625 0.07109375 0.13671875
1 0.37890625 0.66640625 0.09765625 0.11875
1 0.42109375 0.5890625 0.08125 0.10703125
1 0.35859375 0.540625 0.078125 0.10390625
1 0.41015625 0.48125 0.065625 0.078125
1 0.44140625 0.4296875 0.03359375 0.06328125
1 0.45859375 0.48125 0.04765625 0.05546875
1 0.51796875 0.55546875 0.11484375 0.23515625
1 0.65546875 0.5953125 0.07109375 0.1203125
1 0.71328125 0.75703125 0.13046875 0.18125
1 0.853125 0.61015625 0.125 0.19609375
1 0.93203125 0.56484375 0.11875 0.1515625
1 0.4171875 0.8640625 0.190625 0.271875
1 0.6546875 0.41875 0.1375 0.15546875
1 0.58671875 0.49609375 0.04765625 0.07421875
1 0.7265625 0.40625 0.04375 0.05390625
1 0.84609375 0.43125 0.090625 0.0984375
1 0.86484375 0.3859375 0.09296875 0.08125
1 0.9671875 0.41796875 0.065625 0.0859375
1 0.52578125 0.378125 0.05625 0.05546875
1 0.7546875 0.36796875 0.04609375 0.05390625