1 0.10234375 0.61640625 0.09296875 0.1484375
1 0.153125 0.54296875 0.05859375 0.10703125
1 0.21015625 0.61875 0.09375 0.1296875
1 0.3546875 0.5484375 0.05859375 0.09609375
1 0.425 0.6359375 0.09453125 0.11875
1 0.36171875 0.7140625 0.08359375 0.16328125
1 0.5109375 0.8875 0.125 0.225
1 0.59453125 0.61875 0.1 0.15703125
1 0.4875 0.553125 0.07421875 0.109375
1 0.46640625 0.4859375 0.05234375 0.071875
1 0.4140625 0.49296875 0.06640625 0.1
1 0.59765625 0.515625 0.05703125 0.071875
1 0.65078125 0.55625 0.06640625 0.1015625
1 0.66484375 0.4640625 0.05625 0.09453125
1 0.559375 0.43359375 0.09296875 0.16640625
1 0.63515625 0.39375 0.08125 0.109375
1 0.865625 0.62109375 0.14296875 0.171875
1 0.93984375 0.58671875 0.11015625 0.15
1 0.84921875 0.44375 0.09609375 0.0796875
1 0.8765625 0.40546875 0.09140625 0.0703125
1 0.9703125 0.43515625 0.059375 0.08671875
1 0.75390625 0.3984375 0.06171875 0.06875
1 0.7078125 0.38515625 0.04609375 0.0609375
1 0.69140625 0.43359375 0.03671875 0.059375
1 0.76015625 0.328125 0.02578125 0.0515625