1 0.10234375 0.6265625 0.05703125 0.14609375
1 0.15625 0.55703125 0.04921875 0.09609375
1 0.20546875 0.6296875 0.09296875 0.10546875
1 0.33203125 0.48828125 0.08671875 0.06875
1 0.3546875 0.55625 0.065625 0.10703125
1 0.42421875 0.62890625 0.08359375 0.11328125
1 0.64140625 0.82890625 0.13359375 0.19453125
0 0.53125 0.58828125 0.11953125 0.24453125
0 0.57578125 0.4984375 0.09140625 0.15703125
1 0.65703125 0.52109375 0.06171875 0.11640625
1 0.865625 0.63125 0.13671875 0.17421875
1 0.9375 0.58515625 0.09609375 0.11875
1 0.85625 0.453125 0.103125 0.07578125
1 0.8765625 0.41796875 0.109375 0.0609375
1 0.9734375 0.45390625 0.053125 0.08671875
1 0.7125 0.43671875 0.0625 0.059375
1 0.66015625 0.44453125 0.04765625 0.05546875
1 0.625 0.46171875 0.03671875 0.05390625
1 0.46796875 0.503125 0.05546875 0.07421875
1 0.4171875 0.50390625 0.05859375 0.0703125
1 0.70234375 0.3984375 0.04765625 0.04453125
0 0.71328125 0.36171875 0.06953125 0.10703125