1 0.25234375 0.33046875 0.10703125 0.14453125
1 0.63125 0.40703125 0.15625 0.228125
1 0.66796875 0.2296875 0.08671875 0.10703125
1 0.56484375 0.1859375 0.06015625 0.10546875
1 0.61796875 0.1296875 0.05078125 0.0796875
1 0.4703125 0.14375 0.05625 0.10703125
1 0.3171875 0.153125 0.059375 0.08515625
1 0.303125 0.09921875 0.03515625 0.06640625
1 0.834375 0.0859375 0.084375 0.08515625
0 0.70078125 0.09296875 0.1125 0.171875
0 0.09609375 0.3640625 0.19140625 0.45546875
1 0.53984375 0.09375 0.06484375 0.07421875
1 0.59609375 0.05859375 0.04609375 0.071875
0 0.45859375 0.0453125 0.07734375 0.0890625