1 0.4078125 0.77421875 0.196875 0.4515625
1 0.52421875 0.5734375 0.15859375 0.20546875
1 0.67109375 0.71875 0.08046875 0.16328125
1 0.865625 0.62578125 0.12421875 0.190625
1 0.93671875 0.58203125 0.125 0.140625
1 0.85078125 0.4453125 0.09453125 0.0796875
1 0.86328125 0.40546875 0.11484375 0.0890625
1 0.978125 0.46015625 0.04375 0.08671875
1 0.72734375 0.38359375 0.04296875 0.0484375
1 0.67421875 0.43046875 0.04296875 0.05390625
1 0.646875 0.46875 0.053125 0.0703125
1 0.62421875 0.48359375 0.04453125 0.078125
1 0.59140625 0.41328125 0.08671875 0.10703125
1 0.46328125 0.490625 0.04921875 0.06328125
1 0.41796875 0.49921875 0.05 0.0796875
1 0.3546875 0.553125 0.06875 0.1
1 0.32421875 0.49375 0.06953125 0.06875
1 0.2015625 0.5109375 0.09609375 0.0484375
1 0.15859375 0.5609375 0.06875 0.06640625
1 0.19296875 0.61796875 0.090625 0.14296875
1 0.10234375 0.63515625 0.078125 0.1109375
1 0.04453125 0.55859375 0.08125 0.1015625
1 0.03125 0.5015625 0.03828125 0.06640625