0 0.73984375 0.14375 0.18046875 0.271875
1 0.6640625 0.22890625 0.06484375 0.109375
1 0.57265625 0.19609375 0.05625 0.10390625
1 0.48515625 0.36640625 0.07421875 0.15390625
1 0.62421875 0.36015625 0.065625 0.13515625
1 0.521875 0.7359375 0.134375 0.33671875
1 0.70859375 0.81171875 0.1625 0.36875
1 0.85078125 0.67890625 0.19296875 0.309375
1 0.91953125 0.4734375 0.146875 0.23125
1 0.96484375 0.28046875 0.06953125 0.15703125
1 0.88828125 0.06953125 0.07265625 0.071875
1 0.3390625 0.08515625 0.03984375 0.06328125
1 0.39453125 0.065625 0.034375 0.0703125
1 0.203125 0.10078125 0.03828125 0.05703125