1 0.48671875 0.37421875 0.08203125 0.15546875
1 0.528125 0.6453125 0.134375 0.290625
1 0.7546875 0.86484375 0.21953125 0.2703125
1 0.49765625 0.91015625 0.159375 0.1796875
1 0.784375 0.534375 0.159375 0.28515625
1 0.9265625 0.51953125 0.146875 0.3015625
1 0.95625 0.29609375 0.0875 0.1890625
1 0.796875 0.23984375 0.12421875 0.159375
1 0.69921875 0.28125 0.10390625 0.15546875
1 0.65859375 0.171875 0.07265625 0.0890625
1 0.70859375 0.10625 0.06171875 0.10546875
1 0.77421875 0.065625 0.08515625 0.08359375
1 0.5640625 0.1765625 0.06015625 0.0984375
1 0.615625 0.096875 0.06640625 0.06875
1 0.5390625 0.08203125 0.05234375 0.06640625
1 0.46328125 0.08671875 0.06015625 0.08515625
1 0.378125 0.16328125 0.07421875 0.1109375
1 0.28359375 0.30390625 0.08203125 0.1484375
1 0.22421875 0.240625 0.078125 0.13359375
1 0.28828125 0.140625 0.07265625 0.090625
1 0.2109375 0.15546875 0.0625 0.09296875
1 0.13515625 0.265625 0.084375 0.128125
1 0.0484375 0.54453125 0.096875 0.259375
1 0.13359375 0.82421875 0.178125 0.3515625
1 0.35234375 0.08515625 0.03671875 0.06328125