1 0.615625 0.865625 0.121875 0.21640625
1 0.6 0.63671875 0.090625 0.13359375
1 0.59453125 0.5390625 0.06640625 0.11875
1 0.66953125 0.51796875 0.059375 0.11328125
1 0.86328125 0.64609375 0.128125 0.13359375
1 0.93359375 0.6109375 0.1125 0.1296875
1 0.85234375 0.4640625 0.09765625 0.0890625
1 0.8765625 0.434375 0.09921875 0.0796875
1 0.96796875 0.45625 0.06328125 0.08359375
1 0.590625 0.46796875 0.05859375 0.06484375
1 0.63984375 0.45078125 0.04453125 0.06875
1 0.68046875 0.42109375 0.02578125 0.040625
1 0.75546875 0.4140625 0.04765625 0.05
1 0.46953125 0.54375 0.1625 0.2015625
1 0.46953125 0.70625 0.090625 0.1390625
1 0.25 0.82734375 0.48125 0.3453125
1 0.20234375 0.64453125 0.10546875 0.09296875
1 0.1203125 0.63828125 0.07890625 0.09453125
1 0.06171875 0.58359375 0.0625 0.078125
1 0.1625 0.58125 0.07734375 0.0703125
1 0.1484375 0.528125 0.10078125 0.078125
1 0.22890625 0.56328125 0.11171875 0.0703125
1 0.284375 0.51796875 0.08828125 0.06640625
1 0.35703125 0.57578125 0.06015625 0.06328125