1 0.675 0.565625 0.121875 0.21640625
1 0.75234375 0.396875 0.12421875 0.190625
1 0.6203125 0.36640625 0.10078125 0.1515625
1 0.49140625 0.375 0.08203125 0.159375
1 0.87890625 0.75859375 0.225 0.3703125
1 0.52109375 0.8765625 0.16328125 0.24609375
0 0.90078125 0.3734375 0.19765625 0.41875
1 0.58671875 0.02578125 0.03359375 0.05
1 0.36328125 0.04453125 0.028125 0.05
1 0.409375 0.04140625 0.02890625 0.0484375
1 0.32578125 0.05625 0.02890625 0.05390625
1 0.290625 0.05546875 0.02890625 0.06328125
1 0.22109375 0.06328125 0.03125 0.05546875
1 0.97734375 0.05546875 0.03984375 0.06328125