1 0.19453125 0.6296875 0.09609375 0.09609375
1 0.10390625 0.6453125 0.06640625 0.10546875
1 0.07890625 0.590625 0.05625 0.05546875
1 0.15546875 0.58046875 0.07734375 0.06328125
1 0.23515625 0.5609375 0.08046875 0.09296875
1 0.29921875 0.52421875 0.08203125 0.05546875
1 0.19296875 0.5046875 0.096875 0.06875
1 0.06953125 0.51953125 0.07890625 0.0609375
1 0.06171875 0.55078125 0.084375 0.06875
1 0.0265625 0.57578125 0.04765625 0.06328125
1 0.3796875 0.49140625 0.09453125 0.05703125
1 0.42421875 0.54296875 0.07578125 0.05546875
1 0.35234375 0.61484375 0.19296875 0.15546875
1 0.1829973734375 0.7540128687500001 0.0017786953125000001 0.97259791875 0.38192129218750004 0.9948269921874999 0.4371201125 0.9040585906249999 0.4246222265625 0.65213 0.30172685781249997 0.642867921875 0.1829973734375 0.7540128687500001
1 0.54609375 0.93671875 0.15 0.12578125
1 0.58125 0.821875 0.12578125 0.16640625
1 0.703125 0.740625 0.14296875 0.22578125
1 0.85859375 0.72578125 0.1875 0.15546875
1 0.84375 0.615625 0.16171875 0.14296875
1 0.91875 0.58125 0.12109375 0.13359375
1 0.534375 0.553125 0.08671875 0.11328125
1 0.6046875 0.53046875 0.05 0.0609375
1 0.66953125 0.49375 0.04296875 0.07421875
1 0.4765625 0.5140625 0.07265625 0.090625
1 0.5234375 0.45703125 0.06953125 0.08125
1 0.44609375 0.46875 0.04453125 0.0515625
1 0.61484375 0.44375 0.04765625 0.05390625
1 0.65546875 0.41953125 0.028125 0.05546875
1 0.684375 0.446875 0.03203125 0.04609375
1 0.69453125 0.40390625 0.040625 0.0609375
1 0.84296875 0.46171875 0.11015625 0.05390625
1 0.87890625 0.42421875 0.090625 0.059375
1 0.9703125 0.43828125 0.059375 0.0984375