0 0.18671875 0.171875 0.13984375 0.2109375
0 0.20546875 0.5046875 0.315625 0.75
1 0.06328125 0.25078125 0.0625 0.11328125
1 0.48515625 0.36484375 0.08984375 0.15
1 0.51953125 0.63359375 0.12421875 0.30703125
1 0.49765625 0.9140625 0.15625 0.171875
1 0.59140625 0.25546875 0.07421875 0.12578125
1 0.6015625 0.1109375 0.04375 0.08671875
1 0.52265625 0.07421875 0.046875 0.059375
1 0.46015625 0.08046875 0.05859375 0.07578125
1 0.35234375 0.06484375 0.053125 0.059375
1 0.60390625 0.04609375 0.04609375 0.05546875
0 0.78515625 0.31953125 0.28359375 0.58671875
1 0.96484375 0.278125 0.06953125 0.14296875