1 0.56171875 0.66171875 0.246875 0.30546875
1 0.646875 0.275 0.12890625 0.13671875
0 0.8328125 0.18984375 0.10234375 0.25390625
1 0.890625 0.14609375 0.06953125 0.13359375
1 0.9296875 0.096875 0.05234375 0.10546875
1 0.97578125 0.07890625 0.04765625 0.09609375
1 0.9203125 0.046875 0.040625 0.05703125
1 0.94296875 0.0234375 0.04140625 0.04609375
1 0.3828125 0.20390625 0.14296875 0.1515625
1 0.28984375 0.13984375 0.09296875 0.06484375
1 0.1296875 0.178125 0.11015625 0.06640625
1 0.0421875 0.30390625 0.084375 0.1703125