1 0.18125 0.65625 0.065625 0.07578125
1 0.25078125 0.5140625 0.08671875 0.059375
1 0.55703125 0.7484375 0.08515625 0.14453125
1 0.72421875 0.9015625 0.16875 0.19609375
1 0.58125 0.9171875 0.1125 0.165625
1 0.67421875 0.6765625 0.096875 0.16328125
1 0.54609375 0.628125 0.07421875 0.11484375
1 0.51015625 0.53671875 0.05625 0.09609375
1 0.46171875 0.5234375 0.0375 0.06484375
1 0.428125 0.55390625 0.06328125 0.07421875
1 0.4015625 0.5015625 0.08125 0.040625
1 0.15078125 0.58671875 0.08828125 0.06328125
1 0.10078125 0.65078125 0.06875 0.1109375
1 0.0734375 0.59921875 0.05859375 0.071875
1 0.01640625 0.58671875 0.0328125 0.0890625
1 0.040625 0.53828125 0.06796875 0.0609375
1 0.29296875 0.578125 0.059375 0.06640625
1 0.66640625 0.49140625 0.04375 0.0609375
1 0.57734375 0.5359375 0.05625 0.07578125
1 0.58984375 0.46640625 0.06328125 0.06328125
1 0.67578125 0.4484375 0.0375 0.0515625
1 0.7171875 0.42578125 0.03359375 0.06328125
1 0.84765625 0.465625 0.10703125 0.06484375
1 0.96875 0.465625 0.0625 0.078125
1 0.8421875 0.62890625 0.12734375 0.13515625
1 0.9234375 0.60078125 0.10390625 0.11640625
0 0.21328125 0.85078125 0.37578125 0.2984375
0 0.34296875 0.6734375 0.18046875 0.25