1 0.54921875 0.703125 0.23984375 0.2984375
1 0.77578125 0.7203125 0.22578125 0.33359375
1 0.44453125 0.59609375 0.234375 0.26640625
1 0.71875 0.15 0.08046875 0.10390625
1 0.56875 0.1484375 0.06640625 0.09609375
1 0.6609375 0.15703125 0.05 0.078125
1 0.8171875 0.14375 0.06640625 0.090625
1 0.92890625 0.13984375 0.05703125 0.0984375
1 0.87890625 0.1203125 0.06484375 0.09609375
1 0.975 0.103125 0.05 0.071875
1 0.94140625 0.053125 0.05703125 0.071875
1 0.984375 0.03046875 0.03125 0.05546875
1 0.85859375 0.05 0.065625 0.04453125