1 0.43359375 0.61796875 0.20625 0.21640625
1 0.553125 0.71328125 0.22109375 0.23515625
1 0.3125 0.9 0.325 0.2
1 0.15625 0.80859375 0.309375 0.30546875
1 0.77421875 0.73984375 0.22421875 0.23359375
1 0.5765625 0.153125 0.059375 0.06875
1 0.62890625 0.128125 0.04140625 0.05703125
1 0.66640625 0.1453125 0.05546875 0.07421875
1 0.71640625 0.1515625 0.07265625 0.08359375
1 0.82734375 0.15546875 0.05703125 0.06640625
1 0.88359375 0.1234375 0.04609375 0.071875
1 0.93359375 0.1484375 0.06484375 0.06640625
1 0.97890625 0.1140625 0.04140625 0.08359375