1 0.08125 0.459375 0.1625 0.21484375
1 0.228125 0.61484375 0.253125 0.21484375
1 0.43515625 0.61484375 0.23359375 0.19609375
1 0.565625 0.70859375 0.19296875 0.23515625
1 0.77421875 0.7640625 0.2 0.271875
1 0.5265625 0.94296875 0.284375 0.1140625
1 0.32421875 0.89921875 0.33671875 0.2015625
1 0.16640625 0.865625 0.3328125 0.26875
1 0.72578125 0.16796875 0.078125 0.0984375
1 0.66796875 0.15546875 0.07109375 0.0890625
1 0.57265625 0.1609375 0.09609375 0.11328125
1 0.62421875 0.1265625 0.053125 0.06875
1 0.93671875 0.1546875 0.065625 0.10546875
1 0.97578125 0.1140625 0.04765625 0.1015625
1 0.87734375 0.12109375 0.05859375 0.0890625
1 0.9125 0.084375 0.06953125 0.07578125
1 0.83671875 0.15390625 0.12578125 0.0890625