1 0.30546875 0.415625 0.165625 0.18359375
1 0.08515625 0.7125 0.1703125 0.359375
1 0.275 0.74375 0.28671875 0.271875
1 0.55078125 0.6453125 0.24296875 0.1796875
1 0.6265625 0.8546875 0.28359375 0.25390625
1 0.58828125 0.421875 0.15546875 0.15390625
1 0.44375 0.29921875 0.121875 0.09296875
1 0.28671875 0.2765625 0.10078125 0.08515625
1 0.09609375 0.36640625 0.15625 0.1109375
1 0.6359375 0.25546875 0.13125 0.121875
1 0.49140625 0.23046875 0.078125 0.05390625
1 0.43203125 0.21875 0.06953125 0.05546875
1 0.8484375 0.40859375 0.12890625 0.15390625
1 0.971875 0.396875 0.05625 0.13515625
1 0.83203125 0.2984375 0.11328125 0.090625
1 0.81875 0.22421875 0.06640625 0.071875
1 0.68671875 0.146875 0.07890625 0.07578125
1 0.89140625 0.15 0.06328125 0.0984375
1 0.78984375 0.14140625 0.06484375 0.08671875