1 0.29296875 0.4453125 0.165625 0.1609375
1 0.37734375 0.6640625 0.253125 0.20390625
1 0.2484375 0.89296875 0.36875 0.2140625
1 0.72421875 0.75546875 0.22890625 0.28671875
1 0.7421875 0.534375 0.18828125 0.1484375
1 0.79765625 0.36953125 0.134375 0.140625
1 0.675 0.31484375 0.0875 0.10546875
1 0.57734375 0.28828125 0.09921875 0.11875
1 0.4921875 0.2359375 0.09453125 0.09609375
1 0.4140625 0.33515625 0.11640625 0.09609375
1 0.35625 0.3 0.11875 0.1
1 0.10390625 0.371875 0.125 0.090625
1 0.06796875 0.47578125 0.12890625 0.1484375
1 0.92265625 0.253125 0.06953125 0.1015625
1 0.9765625 0.2796875 0.046875 0.11640625
1 0.63984375 0.19453125 0.06171875 0.08125
1 0.85546875 0.18359375 0.0625 0.0984375
0 0.83515625 0.06484375 0.08828125 0.10546875
1 0.91015625 0.090625 0.06015625 0.06484375
1 0.96875 0.05859375 0.034375 0.0609375