1 0.13671875 0.58828125 0.053125 0.059375
1 0.171875 0.60390625 0.059375 0.06328125
1 0.17265625 0.70078125 0.07890625 0.090625
1 0.08828125 0.659375 0.059375 0.109375
1 0.0546875 0.60390625 0.0625 0.08125
1 0.06953125 0.5640625 0.05859375 0.0609375
1 0.08359375 0.528125 0.06796875 0.04453125
1 0.24765625 0.51953125 0.096875 0.0609375
1 0.31796875 0.50390625 0.04765625 0.0484375
1 0.35703125 0.50546875 0.05625 0.0609375
1 0.34140625 0.58125 0.04609375 0.0703125
1 0.41953125 0.62421875 0.09140625 0.08515625
1 0.52578125 0.6796875 0.06328125 0.0890625
1 0.540625 0.75078125 0.10078125 0.1015625
1 0.50703125 0.89375 0.13984375 0.1796875
0 0.25234375 0.81484375 0.25390625 0.3703125
1 0.58046875 0.61953125 0.06875 0.11640625
1 0.52890625 0.56640625 0.06796875 0.10390625
1 0.49453125 0.53984375 0.05078125 0.08671875
1 0.45703125 0.51796875 0.05546875 0.09453125
1 0.415625 0.55390625 0.04921875 0.09296875
1 0.39921875 0.5265625 0.05390625 0.06640625
1 0.66875 0.60859375 0.084375 0.12421875
1 0.61953125 0.559375 0.05078125 0.08125
1 0.63828125 0.50546875 0.05546875 0.0796875
1 0.68828125 0.45078125 0.0375 0.071875
1 0.85234375 0.6265625 0.13984375 0.14296875
1 0.92265625 0.59609375 0.10546875 0.13125
1 0.84140625 0.46796875 0.10234375 0.06875
1 0.85703125 0.4234375 0.084375 0.071875
1 0.96875 0.4703125 0.0625 0.07421875