0 0.57109375 0.165625 0.13671875 0.1203125
1 0.11953125 0.5234375 0.15078125 0.1390625
1 0.08828125 0.4640625 0.175 0.13125
1 0.2390625 0.38046875 0.12109375 0.08515625
1 0.2703125 0.41953125 0.12421875 0.11875
1 0.36171875 0.34296875 0.096875 0.071875
1 0.37421875 0.37421875 0.09453125 0.06875
1 0.465625 0.33046875 0.08125 0.071875
1 0.5296875 0.30078125 0.07265625 0.1109375
1 0.57421875 0.26875 0.04296875 0.07578125
1 0.6171875 0.234375 0.05078125 0.04453125
1 0.70703125 0.30390625 0.09453125 0.109375
1 0.49140625 0.596875 0.16875 0.2109375
1 0.27109375 0.76484375 0.18046875 0.28125
1 0.3921875 0.3015625 0.07578125 0.06484375
1 0.4578125 0.26796875 0.05859375 0.0609375
1 0.51953125 0.225 0.05234375 0.05703125
1 0.56015625 0.21640625 0.04609375 0.05703125
1 0.35390625 0.20625 0.084375 0.08359375
1 0.48671875 0.2015625 0.06796875 0.05390625
1 0.42421875 0.184375 0.06484375 0.059375
1 0.68671875 0.18671875 0.07109375 0.06484375
1 0.77109375 0.184375 0.046875 0.05546875
1 0.80546875 0.18046875 0.053125 0.06640625
1 0.90703125 0.21171875 0.06796875 0.071875
1 0.93203125 0.18359375 0.04765625 0.05703125
1 0.165625 0.21640625 0.06875 0.06640625
1 0.2546875 0.2203125 0.05546875 0.05