1 0.90078125 0.8796875 0.18828125 0.22578125
1 0.7484375 0.8921875 0.184375 0.215625
1 0.928125 0.509375 0.13671875 0.12578125
1 0.03984375 0.415625 0.0796875 0.134375
1 0.10859375 0.3203125 0.06328125 0.0796875
1 0.03046875 0.321875 0.05625 0.07421875
1 0.265625 0.328125 0.05078125 0.08515625
1 0.296875 0.28984375 0.03359375 0.08359375
1 0.34765625 0.303125 0.034375 0.06328125
1 0.38359375 0.303125 0.034375 0.071875
1 0.46171875 0.30625 0.04453125 0.06484375
1 0.41796875 0.28515625 0.03515625 0.059375
1 0.65078125 0.296875 0.05703125 0.0796875
1 0.5953125 0.24609375 0.03671875 0.04296875
1 0.48203125 0.25859375 0.06015625 0.04296875
1 0.4453125 0.2203125 0.03828125 0.05546875
1 0.33046875 0.265625 0.03515625 0.08671875
1 0.6078125 0.21796875 0.03046875 0.040625