1 0.21640625 0.47109375 0.13125 0.078125
1 0.128125 0.4390625 0.09140625 0.09453125
1 0.2984375 0.37578125 0.09765625 0.08671875
1 0.4015625 0.3765625 0.08828125 0.07421875
1 0.40859375 0.31328125 0.075 0.0609375
1 0.503125 0.27578125 0.06015625 0.0515625
1 0.57109375 0.2859375 0.06640625 0.071875
1 0.62734375 0.24140625 0.05 0.05390625
1 0.6734375 0.21484375 0.04296875 0.0609375
1 0.521875 0.559375 0.11796875 0.16640625
1 0.80859375 0.2453125 0.05390625 0.06484375
1 0.89921875 0.21796875 0.040625 0.04296875
1 0.92421875 0.23671875 0.03125 0.04453125
1 0.97109375 0.25859375 0.04453125 0.04609375
1 0.57890625 0.1796875 0.05390625 0.0484375
1 0.49609375 0.19296875 0.05546875 0.03359375
1 0.37734375 0.20859375 0.05 0.05
1 0.42890625 0.20859375 0.053125 0.05
0 0.3125 0.16875 0.0875 0.09296875
1 0.428125 0.14921875 0.01796875 0.040625
1 0.46171875 0.15390625 0.01484375 0.04296875
1 0.48671875 0.153125 0.01796875 0.03359375
1 0.17421875 0.2203125 0.05546875 0.0390625
1 0.18828125 0.1796875 0.0625 0.040625
1 0.615625 0.13046875 0.02578125 0.03125
1 0.64296875 0.1265625 0.01953125 0.040625
1 0.6765625 0.16171875 0.02421875 0.03359375
1 0.7828125 0.153125 0.04609375 0.04453125
1 0.86015625 0.178125 0.05625 0.05
1 0.95859375 0.17890625 0.05390625 0.04296875
1 0.97578125 0.21640625 0.046875 0.05703125