1 0.41875 0.69375 0.13671875 0.22421875
1 0.18515625 0.446875 0.140625 0.15390625
1 0.4328125 0.31484375 0.08125 0.07421875
1 0.65546875 0.39453125 0.08203125 0.11484375
1 0.53984375 0.2484375 0.04375 0.06328125
1 0.63671875 0.225 0.03984375 0.03671875
1 0.596875 0.184375 0.034375 0.0390625
1 0.784375 0.234375 0.07421875 0.08359375
1 0.93203125 0.24609375 0.04296875 0.0703125
0 0.73671875 0.13984375 0.146875 0.0703125
1 0.646875 0.16484375 0.025 0.03671875
0 0.2125 0.16328125 0.14921875 0.0703125
1 0.1796875 0.2234375 0.0625 0.04609375
1 0.28203125 0.2140625 0.053125 0.04296875
1 0.89765625 0.178125 0.05546875 0.059375