1 0.28671875 0.61484375 0.0875 0.17578125
1 0.2828125 0.37890625 0.06328125 0.0890625
1 0.34921875 0.34296875 0.06328125 0.10703125
1 0.27265625 0.29609375 0.06171875 0.06875
1 0.31640625 0.271875 0.053125 0.05390625
1 0.25390625 0.225 0.06015625 0.06328125
1 0.30859375 0.23671875 0.040625 0.08125
1 0.37734375 0.225 0.05390625 0.07421875
1 0.35703125 0.18203125 0.03359375 0.05546875
1 0.45703125 0.20703125 0.034375 0.05546875
1 0.528125 0.20546875 0.03984375 0.0515625
1 0.521875 0.2640625 0.06875 0.08125
1 0.58203125 0.246875 0.06484375 0.06484375
1 0.68515625 0.38828125 0.10234375 0.14609375
1 0.71640625 0.3453125 0.06328125 0.071875
1 0.72265625 0.30859375 0.0875 0.121875
1 0.85703125 0.42109375 0.128125 0.13125
1 0.6546875 0.1390625 0.07734375 0.06640625
1 0.6234375 0.11796875 0.03046875 0.028125
1 0.43671875 0.17109375 0.04375 0.05
1 0.496875 0.18125 0.03984375 0.04453125
1 0.40234375 0.1484375 0.03984375 0.059375
0 0.41015625 0.10546875 0.05078125 0.06640625
0 0.55703125 0.08828125 0.05078125 0.06484375