1 0.37265625 0.76171875 0.096875 0.209375
1 0.20078125 0.93515625 0.11953125 0.1296875
1 0.384375 0.375 0.07578125 0.08671875
1 0.3515625 0.2984375 0.04609375 0.059375
1 0.30625 0.253125 0.034375 0.04296875
1 0.215625 0.228125 0.05546875 0.0484375
1 0.090625 0.20703125 0.065625 0.0484375
1 0.44453125 0.28203125 0.04609375 0.071875
1 0.3765625 0.22421875 0.03984375 0.04453125
1 0.58515625 0.35078125 0.06796875 0.09453125
1 0.534375 0.29453125 0.06328125 0.078125
1 0.48046875 0.23515625 0.05390625 0.08125
1 0.4390625 0.20703125 0.03125 0.0484375
1 0.646875 0.29296875 0.071875 0.0703125
1 0.68046875 0.359375 0.06171875 0.06484375
1 0.6984375 0.42109375 0.10390625 0.09609375
1 0.83984375 0.43984375 0.12265625 0.10546875
1 0.771875 0.3515625 0.0875 0.07421875
1 0.95 0.43984375 0.1 0.1265625
1 0.58359375 0.24453125 0.05 0.05703125
1 0.5265625 0.22109375 0.0375 0.05703125
1 0.2578125 0.253125 0.03125 0.07421875
0 0.36640625 0.1453125 0.05546875 0.090625
1 0.96328125 0.18359375 0.053125 0.06484375