1 0.396875 0.64296875 0.11875 0.2296875
1 0.40078125 0.434375 0.059375 0.13125
1 0.2890625 0.43125 0.08046875 0.1484375
1 0.24921875 0.675 0.10390625 0.228125
1 0.30859375 0.34609375 0.071875 0.11875
1 0.37890625 0.34609375 0.05546875 0.08515625
1 0.38125 0.27578125 0.059375 0.09296875
1 0.328125 0.28359375 0.04921875 0.0890625
1 0.25703125 0.24375 0.053125 0.06484375
1 0.1703125 0.23046875 0.075 0.07578125
1 0.08515625 0.21953125 0.08359375 0.06328125
1 0.5234375 0.278125 0.05234375 0.078125
1 0.659375 0.43359375 0.109375 0.14453125
1 0.728125 0.3703125 0.11953125 0.16640625
1 0.87265625 0.55859375 0.15859375 0.19453125
1 0.9125 0.4609375 0.134375 0.13359375
1 0.84375 0.390625 0.11953125 0.13671875
1 0.984375 0.55390625 0.03125 0.1140625
1 0.62109375 0.33359375 0.05703125 0.09296875
1 0.6109375 0.28828125 0.07109375 0.0984375
1 0.53984375 0.25 0.04765625 0.07421875
1 0.48671875 0.2203125 0.04609375 0.05546875
1 0.45703125 0.240625 0.04140625 0.078125
1 0.4296875 0.20703125 0.03125 0.04453125
1 0.28203125 0.17109375 0.0375 0.028125
0 0.36796875 0.1546875 0.05390625 0.08671875
0 0.9796875 0.228125 0.040625 0.06328125
1 0.959375 0.178125 0.06640625 0.06328125
1 0.46015625 0.18046875 0.02890625 0.040625
1 0.4875 0.178125 0.02421875 0.0484375