0 0.72265625 0.53984375 0.446875 0.51640625
1 0.3734375 0.8796875 0.13984375 0.240625
1 0.39765625 0.48828125 0.08046875 0.15546875
1 0.29921875 0.41953125 0.075 0.13125
1 0.38671875 0.3765625 0.05625 0.09453125
1 0.3140625 0.31953125 0.05859375 0.078125
1 0.36171875 0.28984375 0.05546875 0.0609375
1 0.2984375 0.259375 0.06328125 0.0703125
1 0.27265625 0.23984375 0.03984375 0.03671875
1 0.29453125 0.2140625 0.0375 0.04453125
1 0.33046875 0.24921875 0.03515625 0.040625
1 0.15546875 0.23984375 0.07578125 0.0703125
1 0.21171875 0.18671875 0.06328125 0.071875
1 0.28359375 0.16953125 0.05078125 0.07578125
1 0.3109375 0.16796875 0.03125 0.05390625
1 0.39609375 0.16796875 0.028125 0.02578125
1 0.428125 0.1609375 0.01328125 0.04296875
1 0.45078125 0.17421875 0.02578125 0.03359375
1 0.45546875 0.1984375 0.01640625 0.03671875
1 0.478125 0.23046875 0.04375 0.04453125
1 0.5140625 0.2109375 0.04609375 0.07578125
1 0.5734375 0.2390625 0.04296875 0.08515625
1 0.61015625 0.29296875 0.08046875 0.09453125
1 0.63828125 0.3359375 0.06796875 0.08359375
1 0.74140625 0.34609375 0.078125 0.08671875
1 0.87890625 0.3984375 0.13359375 0.13671875
1 0.84140625 0.465625 0.12890625 0.128125
0 0.36484375 0.14296875 0.065625 0.08359375