1 0.0984375 0.41796875 0.15234375 0.13515625
1 0.10546875 0.315625 0.06796875 0.08359375
1 0.2609375 0.59609375 0.21171875 0.13671875
1 0.3984375 0.4296875 0.14609375 0.13671875
1 0.76328125 0.903125 0.1484375 0.19375
1 0.91015625 0.875 0.17890625 0.25
1 0.46484375 0.3234375 0.04609375 0.08515625
1 0.52890625 0.31640625 0.08046875 0.08515625
1 0.62578125 0.23359375 0.034375 0.040625
1 0.40234375 0.32109375 0.046875 0.071875
1 0.359375 0.31875 0.046875 0.06640625
1 0.2796875 0.3359375 0.05859375 0.08671875
1 0.22265625 0.32109375 0.04453125 0.071875
1 0.334375 0.275 0.04921875 0.071875
1 0.04296875 0.90078125 0.0859375 0.1953125
0 0.47421875 0.1953125 0.04453125 0.05703125
1 0.39140625 0.26328125 0.03515625 0.0484375
1 0.3953125 0.225 0.02890625 0.028125
1 0.42109375 0.23671875 0.02109375 0.04296875
1 0.44609375 0.25546875 0.03046875 0.0484375