0 0.40546875 0.29140625 0.21328125 0.18671875
1 0.12421875 0.24375 0.053125 0.04453125
1 0.190625 0.22578125 0.04453125 0.05
1 0.246875 0.21640625 0.07109375 0.05703125
1 0.41875 0.75703125 0.23671875 0.16328125
1 0.76640625 0.7453125 0.22265625 0.16484375
1 0.75078125 0.36015625 0.096875 0.09296875
1 0.65390625 0.3140625 0.0625 0.090625
1 0.6015625 0.271875 0.046875 0.10703125
1 0.87890625 0.4140625 0.121875 0.1296875
1 0.8125 0.2484375 0.06171875 0.05546875
1 0.79140625 0.21328125 0.05546875 0.05390625
1 0.67890625 0.20390625 0.06953125 0.0390625
1 0.60625 0.134375 0.03359375 0.03359375
1 0.50859375 0.190625 0.05546875 0.04609375
1 0.42734375 0.1640625 0.01953125 0.03359375
1 0.45546875 0.165625 0.028125 0.040625
1 0.88125 0.1984375 0.06015625 0.04609375
1 0.93046875 0.209375 0.04609375 0.04609375
1 0.971875 0.23046875 0.04375 0.059375
1 0.07578125 0.2234375 0.05078125 0.04609375
0 0.3609375 0.15 0.04296875 0.06328125
1 0.3953125 0.16484375 0.02265625 0.03515625