1 0.865625 0.4109375 0.12578125 0.16328125
1 0.915625 0.74375 0.16875 0.20390625
1 0.9296875 0.915625 0.140625 0.16875
0 0.35 0.815625 0.7 0.36875
1 0.19296875 0.471875 0.13203125 0.13359375
1 0.23671875 0.3953125 0.09296875 0.1
1 0.390625 0.33828125 0.09921875 0.11484375
1 0.39609375 0.20703125 0.06015625 0.06640625
1 0.321875 0.1984375 0.065625 0.0484375
1 0.253125 0.221875 0.05546875 0.06875
1 0.18828125 0.21015625 0.05078125 0.04453125
1 0.15078125 0.228125 0.06640625 0.05546875
1 0.07578125 0.2203125 0.07265625 0.05546875
1 0.73046875 0.340625 0.090625 0.14453125
1 0.65703125 0.2640625 0.05625 0.10546875
1 0.7515625 0.25390625 0.0625 0.09453125
1 0.8171875 0.221875 0.03984375 0.059375
1 0.89921875 0.20703125 0.05078125 0.0515625
1 0.76015625 0.18046875 0.05 0.03515625
1 0.80859375 0.18046875 0.05234375 0.059375
1 0.703125 0.18671875 0.05078125 0.06328125
1 0.6328125 0.1734375 0.05234375 0.071875
1 0.928125 0.1765625 0.06328125 0.0390625
1 0.965625 0.21484375 0.040625 0.04453125
0 0.54609375 0.21875 0.13984375 0.13515625
0 0.51796875 0.15078125 0.1375 0.0796875