1 0.32421875 0.74921875 0.22734375 0.2203125
0 0.759375 0.8078125 0.48125 0.384375
1 0.42890625 0.415625 0.08671875 0.13125
1 0.29921875 0.36171875 0.11328125 0.12578125
1 0.209375 0.43671875 0.13984375 0.121875
1 0.05 0.490625 0.1 0.1515625
1 0.1359375 0.63671875 0.175 0.12578125
1 0.0609375 0.721875 0.121875 0.1484375
0 0.30625 0.90703125 0.60078125 0.18515625
1 0.57109375 0.31171875 0.103125 0.09453125
1 0.66796875 0.33203125 0.09375 0.11328125
1 0.69609375 0.24453125 0.06328125 0.07578125
1 0.74453125 0.26484375 0.05078125 0.05546875
1 0.7515625 0.16328125 0.05703125 0.0515625
1 0.83671875 0.23125 0.04296875 0.059375
1 0.9109375 0.1984375 0.06640625 0.05703125
1 0.86953125 0.1796875 0.06953125 0.0515625
1 0.9609375 0.228125 0.04375 0.09296875
1 0.428125 0.30078125 0.07421875 0.06875
0 0.54140625 0.2140625 0.13046875 0.13515625
0 0.63671875 0.16015625 0.165625 0.1015625
1 0.4421875 0.1953125 0.03984375 0.0609375
1 0.40234375 0.18984375 0.059375 0.04609375
1 0.31953125 0.21953125 0.05234375 0.08671875
1 0.24765625 0.21953125 0.0625 0.06875
1 0.15390625 0.22578125 0.05703125 0.0484375
0 0.15703125 0.1859375 0.11796875 0.0703125
1 0.04609375 0.20859375 0.05703125 0.05
1 0.07265625 0.1953125 0.04609375 0.0515625