0 0.54375 0.20390625 0.14453125 0.11875
1 0.09296875 0.46640625 0.14296875 0.09453125
1 0.22890625 0.3984375 0.10078125 0.078125
1 0.340625 0.33671875 0.06328125 0.08125
1 0.41796875 0.32578125 0.08125 0.08515625
1 0.475 0.36875 0.07421875 0.0890625
1 0.371875 0.4453125 0.11328125 0.0890625
1 0.52890625 0.51796875 0.12265625 0.140625
1 0.54296875 0.40703125 0.08359375 0.1
1 0.86484375 0.66015625 0.20859375 0.18515625
1 0.78671875 0.88515625 0.22421875 0.1703125
1 0.34609375 0.84140625 0.30078125 0.20546875
1 0.36640625 0.7234375 0.21640625 0.13125
0 0.2171875 0.88671875 0.434375 0.22578125
1 0.56171875 0.31015625 0.08359375 0.06484375
1 0.65390625 0.3203125 0.08359375 0.0890625
1 0.76640625 0.27109375 0.06328125 0.06875
1 0.83671875 0.20859375 0.053125 0.05390625
1 0.72421875 0.18046875 0.0625 0.05
1 0.6453125 0.246875 0.05859375 0.05390625
0 0.37734375 0.1703125 0.1625 0.08125
1 0.240625 0.1953125 0.06328125 0.0609375