1 0.35390625 0.334375 0.090625 0.07578125
1 0.42890625 0.29375 0.08203125 0.071875
1 0.4984375 0.278125 0.06484375 0.08125
1 0.58359375 0.2359375 0.05390625 0.08671875
1 0.628125 0.25625 0.04296875 0.071875
1 0.68359375 0.271875 0.053125 0.08515625
1 0.69609375 0.340625 0.09921875 0.0703125
1 0.615625 0.42421875 0.09296875 0.09296875
1 0.59765625 0.35078125 0.078125 0.07578125
1 0.55625 0.30625 0.08046875 0.0703125
1 0.47734375 0.359375 0.11875 0.09296875
1 0.48359375 0.4484375 0.1 0.10390625
1 0.53203125 0.52109375 0.12109375 0.1109375
1 0.57421875 0.65703125 0.2125 0.1796875
1 0.88671875 0.76171875 0.22578125 0.1203125
1 0.4984375 0.79140625 0.26640625 0.109375
1 0.12421875 0.63125 0.171875 0.15546875
1 0.1078125 0.45078125 0.1375 0.14609375
1 0.2390625 0.39453125 0.09765625 0.1109375
1 0.15390625 0.21015625 0.06015625 0.05390625
1 0.196875 0.21484375 0.04140625 0.04453125
1 0.28359375 0.2 0.05234375 0.05546875
1 0.34921875 0.184375 0.0625 0.05703125
1 0.41640625 0.19453125 0.06640625 0.06875
1 0.7765625 0.17578125 0.0625 0.06875
1 0.78984375 0.26015625 0.06484375 0.0796875
0 0.87578125 0.175 0.090625 0.09453125
1 0.9640625 0.21328125 0.04453125 0.07421875
1 0.94921875 0.1515625 0.05 0.06328125
1 0.13828125 0.77109375 0.23046875 0.16640625
1 0.37734375 0.453125 0.09453125 0.121875
0 0.54609375 0.1890625 0.128125 0.08515625
0 0.640625 0.14453125 0.14296875 0.10390625
0 0.65859375 0.1765625 0.04453125 0.0609375
0 0.07109375 0.8890625 0.1421875 0.221875