0 0.40390625 0.159375 0.14921875 0.0890625
1 0.09921875 0.45546875 0.14453125 0.11640625
1 0.23671875 0.39609375 0.12890625 0.10390625
1 0.3515625 0.33671875 0.09140625 0.11875
1 0.42890625 0.29296875 0.07265625 0.08359375
1 0.36484375 0.45625 0.121875 0.1203125
1 0.84296875 0.63671875 0.171875 0.20390625
1 0.50703125 0.7046875 0.23984375 0.14609375
1 0.64921875 0.7703125 0.22109375 0.16328125
1 0.475 0.37421875 0.1 0.09296875
1 0.48359375 0.45703125 0.09453125 0.1109375
1 0.62109375 0.43125 0.09609375 0.11328125
0 0.71015625 0.2484375 0.109375 0.109375
1 0.67890625 0.353125 0.06171875 0.10546875
1 0.59453125 0.359375 0.08125 0.08125
0 0.66484375 0.14609375 0.21328125 0.071875
1 0.81796875 0.2234375 0.05546875 0.08671875
1 0.31953125 0.20390625 0.06015625 0.04296875
1 0.40546875 0.19375 0.07109375 0.059375
1 0.903125 0.20625 0.05234375 0.07578125
1 0.51484375 0.53203125 0.12109375 0.13671875