1 0.12734375 0.315625 0.0625 0.08359375
1 0.15 0.4203125 0.14296875 0.121875
1 0.14609375 0.59609375 0.26640625 0.140625
1 0.2671875 0.3796875 0.11640625 0.11875
1 0.49609375 0.353125 0.09140625 0.0703125
1 0.58671875 0.33359375 0.109375 0.09609375
1 0.890625 0.5265625 0.17421875 0.128125
1 0.9109375 0.88046875 0.178125 0.2390625
1 0.74609375 0.90234375 0.1796875 0.1953125
1 0.40078125 0.325 0.04296875 0.07578125
1 0.36015625 0.30703125 0.04453125 0.08515625
1 0.2875 0.31171875 0.03828125 0.05
1 0.2234375 0.31484375 0.053125 0.05546875
1 0.29921875 0.23359375 0.040625 0.06328125
1 0.33828125 0.26953125 0.04296875 0.0609375
1 0.45703125 0.22578125 0.05546875 0.09453125
1 0.49765625 0.25546875 0.03125 0.0609375
1 0.63671875 0.25390625 0.03984375 0.06328125
1 0.4296875 0.29609375 0.04375 0.05703125