1 0.4453125 0.8046875 0.10078125 0.2203125
1 0.2875 0.81953125 0.103125 0.25
1 0.04609375 0.77890625 0.09140625 0.2609375
1 0.04609375 0.57109375 0.09140625 0.15546875
1 0.19453125 0.43125 0.06015625 0.14453125
1 0.26875 0.47890625 0.065625 0.15546875
1 0.209375 0.325 0.059375 0.10703125
1 0.2765625 0.3296875 0.04375 0.09609375
1 0.33203125 0.34140625 0.04609375 0.08515625
1 0.65625 0.4703125 0.06953125 0.1109375
1 0.83125 0.6109375 0.1125 0.17421875
1 0.78671875 0.31953125 0.05546875 0.109375
1 0.67265625 0.26484375 0.04296875 0.0609375
1 0.61015625 0.27578125 0.04140625 0.06640625
1 0.50625 0.20625 0.03828125 0.05
1 0.59453125 0.20390625 0.03125 0.04453125
0 0.690625 0.178125 0.06796875 0.11875
1 0.37265625 0.26796875 0.04296875 0.071875
1 0.3265625 0.246875 0.04375 0.071875
1 0.26796875 0.24296875 0.03828125 0.05390625
1 0.37109375 0.1859375 0.028125 0.04296875
1 0.40078125 0.20625 0.02890625 0.05546875
1 0.46015625 0.1984375 0.021875 0.0515625
1 0.95859375 0.17421875 0.05859375 0.06484375
1 0.95703125 0.234375 0.05546875 0.05
1 0.78984375 0.16484375 0.06015625 0.04609375
1 0.8609375 0.16796875 0.04765625 0.059375