1 0.43984375 0.80703125 0.096875 0.2296875
1 0.27734375 0.83046875 0.10234375 0.21640625
1 0.17265625 0.59609375 0.121875 0.18671875
1 0.27578125 0.39921875 0.053125 0.0984375
0 0.13515625 0.38046875 0.15703125 0.29296875
0 0.746875 0.23359375 0.1 0.2203125
1 0.66953125 0.45703125 0.078125 0.13671875
1 0.8203125 0.54375 0.125 0.14609375
1 0.60703125 0.309375 0.07265625 0.10390625
1 0.4328125 0.22578125 0.03125 0.07578125
1 0.31875 0.26875 0.04921875 0.078125
1 0.35859375 0.215625 0.046875 0.06484375