0 0.60078125 0.175 0.05703125 0.0984375
0 0.5984375 0.08359375 0.04140625 0.06640625
1 0.28828125 0.821875 0.140625 0.240625
1 0.43671875 0.7953125 0.14453125 0.221875
1 0.71484375 0.59921875 0.15546875 0.259375
1 0.74296875 0.40078125 0.07421875 0.11328125
1 0.62890625 0.26484375 0.053125 0.10546875
1 0.659375 0.21953125 0.05390625 0.1
1 0.67109375 0.18359375 0.03515625 0.0703125
1 0.690625 0.140625 0.03671875 0.06328125
1 0.28828125 0.33203125 0.053125 0.109375
1 0.253125 0.2953125 0.059375 0.059375
1 0.15546875 0.465625 0.10234375 0.1703125
1 0.346875 0.26875 0.04765625 0.071875
1 0.32890625 0.2265625 0.05078125 0.05390625
1 0.41015625 0.225 0.028125 0.059375
1 0.4375 0.2109375 0.03828125 0.07578125
1 0.465625 0.20859375 0.03203125 0.07421875
1 0.5046875 0.1984375 0.046875 0.0703125
1 0.30546875 0.178125 0.05390625 0.06328125
0 0.80625 0.15078125 0.15078125 0.10703125