1 0.23984375 0.328125 0.05390625 0.08515625
1 0.31953125 0.24296875 0.0375 0.0609375
1 0.42109375 0.253125 0.03671875 0.0515625
1 0.28671875 0.8265625 0.11796875 0.23671875
1 0.4359375 0.803125 0.09296875 0.21328125
0 0.8375 0.3265625 0.17578125 0.23125
1 0.66015625 0.20703125 0.04296875 0.06875
1 0.58125 0.16015625 0.02109375 0.0390625
1 0.61484375 0.1484375 0.01953125 0.0390625
0 0.61875 0.11484375 0.04375 0.059375
1 0.55859375 0.128125 0.01640625 0.040625
1 0.5765625 0.11328125 0.01796875 0.03125
1 0.6671875 0.14375 0.03203125 0.03125
1 0.96484375 0.1859375 0.04921875 0.03359375
1 0.98125 0.22578125 0.02578125 0.04609375
1 0.16640625 0.203125 0.053125 0.03671875
1 0.28515625 0.17421875 0.03203125 0.04609375
1 0.340625 0.16328125 0.02265625 0.03515625
1 0.38359375 0.175 0.028125 0.0484375
1 0.4328125 0.21328125 0.03359375 0.040625
1 0.4640625 0.2203125 0.028125 0.0484375
1 0.50546875 0.215625 0.03046875 0.03671875
1 0.39296875 0.2203125 0.03359375 0.04453125