0 0.4859375 0.3203125 0.21015625 0.19609375
1 0.56015625 0.48125 0.096875 0.18515625
1 0.4703125 0.4390625 0.09140625 0.159375
1 0.640625 0.37578125 0.08828125 0.1296875
1 0.55859375 0.365625 0.05 0.090625
1 0.71953125 0.3109375 0.08359375 0.0984375
1 0.63125 0.32109375 0.084375 0.109375
1 0.79609375 0.7609375 0.24453125 0.2484375
1 0.915625 0.646875 0.16875 0.16875
1 0.43515625 0.65625 0.23125 0.18359375
1 0.39453125 0.840625 0.27265625 0.21328125
1 0.146875 0.928125 0.26875 0.14375
1 0.08046875 0.44140625 0.13828125 0.1609375
1 0.284375 0.41796875 0.10546875 0.15390625
1 0.24609375 0.38359375 0.11484375 0.08515625
1 0.34296875 0.31953125 0.06015625 0.09609375
1 0.36484375 0.3546875 0.06484375 0.11640625
1 0.3515625 0.46484375 0.13203125 0.1
1 0.815625 0.240625 0.05 0.06875
1 0.7640625 0.2703125 0.05390625 0.06640625
1 0.740625 0.25 0.059375 0.078125
1 0.68671875 0.2734375 0.04921875 0.06484375
1 0.62734375 0.2609375 0.04609375 0.06328125
1 0.61328125 0.21640625 0.046875 0.05703125
1 0.6734375 0.16875 0.05703125 0.06328125
1 0.6546875 0.13515625 0.04765625 0.05546875
1 0.58125 0.1796875 0.05 0.06328125
1 0.49921875 0.1609375 0.04765625 0.0515625
1 0.45546875 0.19609375 0.08203125 0.06640625
1 0.31953125 0.19375 0.071875 0.07578125
1 0.35078125 0.17890625 0.05703125 0.05
1 0.2609375 0.19453125 0.08671875 0.06875
1 0.19140625 0.21640625 0.03828125 0.0703125
1 0.13125 0.18671875 0.04921875 0.06640625
1 0.1578125 0.19453125 0.05 0.05546875
1 0.86015625 0.2015625 0.05546875 0.05546875
1 0.978125 0.31796875 0.04375 0.1109375
0 0.78828125 0.16171875 0.1625 0.11484375
0 0.96796875 0.20703125 0.06328125 0.12578125
0 0.59609375 0.08984375 0.03203125 0.05703125