0 0.41953125 0.35078125 0.26328125 0.271875
0 0.2984375 0.1734375 0.165625 0.11875
1 0.1234375 0.5046875 0.15859375 0.12421875
1 0.08984375 0.44375 0.16484375 0.08671875
1 0.18046875 0.63984375 0.16171875 0.24609375
1 0.53046875 0.68984375 0.22421875 0.16875
1 0.84140625 0.65390625 0.234375 0.18671875
1 0.5421875 0.4859375 0.11640625 0.1609375
1 0.4359375 0.46328125 0.103125 0.1390625
1 0.52109375 0.38984375 0.07578125 0.109375
1 0.61796875 0.38671875 0.078125 0.13515625
1 0.62890625 0.3140625 0.07890625 0.10546875
1 0.71484375 0.30859375 0.06484375 0.0984375
1 0.77890625 0.26875 0.05703125 0.07578125
1 0.68046875 0.26484375 0.06640625 0.05546875
1 0.6234375 0.25390625 0.06328125 0.0703125
1 0.5703125 0.24609375 0.04765625 0.04609375
1 0.60859375 0.23125 0.053125 0.06328125
1 0.65390625 0.1703125 0.06171875 0.0484375
1 0.25078125 0.36875 0.11796875 0.05
1 0.26484375 0.41171875 0.09296875 0.10703125
1 0.19296875 0.22890625 0.05234375 0.0609375
1 0.48515625 0.19453125 0.06328125 0.06875
1 0.46953125 0.1765625 0.053125 0.03515625
1 0.57109375 0.184375 0.07265625 0.05
1 0.49140625 0.13671875 0.02265625 0.04609375
1 0.4625 0.13359375 0.028125 0.0390625
1 0.42578125 0.14296875 0.03046875 0.04453125