0 0.115625 0.17421875 0.165625 0.08359375
0 0.496875 0.1453125 0.14140625 0.08671875
0 0.96875 0.21796875 0.0625 0.1296875
1 0.91796875 0.68984375 0.16328125 0.18359375
1 0.45703125 0.65625 0.14765625 0.228125
1 0.621875 0.434375 0.096875 0.14609375
1 0.58203125 0.33828125 0.07890625 0.1015625
1 0.54296875 0.30859375 0.05078125 0.09296875
1 0.51171875 0.275 0.05078125 0.071875
1 0.4453125 0.3203125 0.0625 0.10390625
1 0.45078125 0.25390625 0.053125 0.05703125
1 0.47734375 0.46796875 0.128125 0.11484375
1 0.30703125 0.5265625 0.134375 0.159375
1 0.27890625 0.43046875 0.096875 0.08671875
1 0.2328125 0.37109375 0.10625 0.10703125
1 0.38359375 0.37109375 0.075 0.11640625
1 0.34921875 0.328125 0.06953125 0.08515625
1 0.38984375 0.30625 0.09921875 0.0890625
1 0.08046875 0.446875 0.14453125 0.10546875
1 0.134375 0.51953125 0.16328125 0.13125
1 0.03984375 0.8421875 0.0796875 0.215625
1 0.73671875 0.3046875 0.05234375 0.090625
1 0.72109375 0.26875 0.04921875 0.078125
1 0.66484375 0.25 0.06171875 0.1
1 0.615625 0.2359375 0.04921875 0.06875
1 0.57890625 0.259375 0.05625 0.078125
1 0.7609375 0.184375 0.065625 0.05390625
1 0.796875 0.21015625 0.06796875 0.06328125
1 0.88984375 0.20546875 0.07734375 0.071875
1 0.665625 0.18515625 0.059375 0.05
1 0.58359375 0.18828125 0.06015625 0.0609375
1 0.52421875 0.2265625 0.06015625 0.06875
1 0.34921875 0.21015625 0.0625 0.05703125
1 0.41171875 0.1859375 0.06875 0.06484375
1 0.2640625 0.21328125 0.06484375 0.059375
1 0.196875 0.23046875 0.046875 0.0796875
0 0.28203125 0.15078125 0.071875 0.07421875