1 0.21875 0.63203125 0.15625 0.17578125
1 0.12578125 0.50703125 0.14453125 0.0984375
1 0.0921875 0.44140625 0.14375 0.08671875
1 0.24609375 0.37578125 0.11328125 0.059375
1 0.28828125 0.43515625 0.11875 0.0703125
1 0.38046875 0.60546875 0.13046875 0.17578125
1 0.55703125 0.36640625 0.0875 0.1296875
1 0.38359375 0.36171875 0.090625 0.06640625
1 0.46484375 0.321875 0.078125 0.07421875
1 0.5265625 0.27890625 0.06640625 0.05
1 0.57890625 0.25625 0.053125 0.059375
1 0.61796875 0.23125 0.046875 0.040625
1 0.38984375 0.28203125 0.06171875 0.05703125
1 0.34609375 0.32421875 0.05546875 0.06640625
1 0.26953125 0.20625 0.05078125 0.0609375
1 0.34609375 0.20390625 0.059375 0.0484375
1 0.45859375 0.19609375 0.06875 0.03671875
1 0.19296875 0.2265625 0.02578125 0.04453125
0 0.19765625 0.1609375 0.10234375 0.06640625
0 0.365625 0.13046875 0.040625 0.06875
1 0.33515625 0.14375 0.015625 0.03515625
1 0.5875 0.1640625 0.04765625 0.05
1 0.70546875 0.19296875 0.06953125 0.05
1 0.7140625 0.3 0.059375 0.09609375
1 0.85390625 0.21953125 0.05078125 0.06328125
1 0.84765625 0.18203125 0.05546875 0.04609375
0 0.96875 0.221875 0.0625 0.11875
1 0.5890625 0.10625 0.021875 0.02578125