1 0.21953125 0.37109375 0.121875 0.0796875
1 0.47265625 0.328125 0.03828125 0.1
1 0.403125 0.31328125 0.05078125 0.07421875
1 0.43359375 0.28828125 0.03515625 0.05703125
1 0.36484375 0.3109375 0.046875 0.0609375
1 0.31953125 0.3 0.03984375 0.06328125
1 0.28671875 0.31640625 0.04375 0.078125
1 0.2265625 0.3 0.05625 0.08125
1 0.13359375 0.3 0.06875 0.1
1 0.05703125 0.390625 0.09921875 0.109375
1 0.20703125 0.278125 0.05390625 0.04453125
1 0.56171875 0.31875 0.090625 0.0890625
1 0.67265625 0.3015625 0.04296875 0.05546875
1 0.7625 0.903125 0.1625 0.19375
1 0.9125 0.8875 0.175 0.225
1 0.49453125 0.26015625 0.040625 0.0609375
1 0.459375 0.215625 0.040625 0.08671875
1 0.34140625 0.253125 0.05234375 0.05