1 0.12734375 0.53515625 0.14140625 0.13515625
1 0.08984375 0.4546875 0.153125 0.0984375
1 0.2390625 0.3859375 0.115625 0.08359375
1 0.28046875 0.44140625 0.11171875 0.09296875
1 0.36328125 0.33359375 0.09453125 0.08125
1 0.38984375 0.371875 0.08828125 0.078125
1 0.4015625 0.2953125 0.05703125 0.06640625
1 0.4640625 0.33671875 0.06640625 0.06875
1 0.46796875 0.2609375 0.05234375 0.0609375
1 0.50859375 0.2546875 0.06484375 0.04609375
1 0.521875 0.29140625 0.06640625 0.06484375
1 0.57734375 0.26875 0.06796875 0.0515625
1 0.62421875 0.2390625 0.05703125 0.0515625
1 0.52421875 0.23515625 0.05703125 0.05
1 0.58359375 0.23125 0.04140625 0.04296875
1 0.55703125 0.1953125 0.059375 0.06875
1 0.6796875 0.190625 0.0625 0.05546875
1 0.72109375 0.16953125 0.065625 0.06640625
1 0.77109375 0.2015625 0.05625 0.05703125
1 0.803125 0.23046875 0.06875 0.06875
1 0.65078125 0.296875 0.06015625 0.06328125
1 0.534375 0.41171875 0.09609375 0.128125
1 0.45546875 0.2015625 0.053125 0.05390625
1 0.48125 0.18671875 0.06484375 0.04453125
1 0.36953125 0.2140625 0.05703125 0.05546875
1 0.3234375 0.2046875 0.05078125 0.05
1 0.26640625 0.21015625 0.06015625 0.06328125
1 0.37578125 0.171875 0.046875 0.04609375