0 0.28203125 0.3890625 0.175 0.26640625
0 0.68046875 0.5859375 0.6125 0.56875
1 0.728125 0.359375 0.159375 0.1296875
1 0.90078125 0.33671875 0.14140625 0.159375
1 0.95703125 0.4484375 0.08515625 0.13125
1 0.45625 0.296875 0.10234375 0.11640625
1 0.69140625 0.30390625 0.15078125 0.1484375
1 0.9703125 0.21875 0.059375 0.09375
1 0.87890625 0.20625 0.08359375 0.12421875
1 0.86171875 0.04921875 0.084375 0.08359375
1 0.74453125 0.0265625 0.0859375 0.053125
1 0.69140625 0.09609375 0.08671875 0.0890625
1 0.59375 0.046875 0.06796875 0.0609375
1 0.52421875 0.075 0.08203125 0.0515625
0 0.45078125 0.2203125 0.28203125 0.18125
0 0.3375 0.16328125 0.19453125 0.14453125
1 0.28046875 0.23046875 0.07734375 0.090625
0 0.15 0.26640625 0.16953125 0.16640625
0 0.1625 0.15390625 0.165625 0.11640625
1 0.09453125 0.340625 0.090625 0.1109375
1 0.17734375 0.37890625 0.09921875 0.11328125
0 0.03359375 0.278125 0.06640625 0.1890625
1 0.03984375 0.19296875 0.034375 0.06484375
1 0.07578125 0.16640625 0.04921875 0.05
0 0.23515625 0.09453125 0.121875 0.06328125