0 0.66953125 0.60390625 0.58125 0.5796875
0 0.284375 0.40859375 0.17890625 0.26875
1 0.16796875 0.38984375 0.084375 0.10703125
1 0.09609375 0.346875 0.07421875 0.1
0 0.03359375 0.284375 0.06640625 0.14609375
0 0.14921875 0.26796875 0.15625 0.15
1 0.28359375 0.23515625 0.07265625 0.08125
0 0.4546875 0.23046875 0.26328125 0.16640625
1 0.67421875 0.31953125 0.1625 0.11875
0 0.71171875 0.2 0.26953125 0.21328125
1 0.909375 0.36796875 0.16015625 0.15390625
1 0.88203125 0.209375 0.08046875 0.12421875
1 0.86484375 0.0515625 0.09375 0.0703125
1 0.74609375 0.040625 0.078125 0.06640625
1 0.53984375 0.046875 0.06875 0.0515625
1 0.415625 0.05703125 0.05078125 0.0515625