0 0.28515625 0.39375 0.17578125 0.24609375
0 0.6703125 0.60625 0.58046875 0.55703125
1 0.09609375 0.34140625 0.075 0.09609375
1 0.16640625 0.3765625 0.07734375 0.13125
0 0.14453125 0.26875 0.16953125 0.16484375
0 0.03515625 0.29140625 0.06953125 0.1484375
1 0.28203125 0.23359375 0.0625 0.078125
0 0.44921875 0.22578125 0.26953125 0.18671875
1 0.67890625 0.3109375 0.159375 0.11875
0 0.71640625 0.2 0.26015625 0.21328125
1 0.90546875 0.36328125 0.175 0.1515625
1 0.884375 0.2109375 0.084375 0.1109375
1 0.8625 0.0546875 0.078125 0.0703125
1 0.7421875 0.03828125 0.08125 0.06328125
1 0.340625 0.090625 0.05078125 0.0390625