1 0.24453125 0.36953125 0.13046875 0.09453125
1 0.55390625 0.34609375 0.14921875 0.17421875
1 0.77578125 0.525 0.134375 0.13125
1 0.9234375 0.89453125 0.153125 0.2109375
1 0.76640625 0.90078125 0.17109375 0.1984375
1 0.68984375 0.3296875 0.0875 0.10390625
1 0.65546875 0.23203125 0.03515625 0.04296875
1 0.63828125 0.1890625 0.02109375 0.04453125
1 0.47265625 0.3109375 0.059375 0.08515625
1 0.40625 0.2984375 0.05078125 0.090625
1 0.37421875 0.2859375 0.04609375 0.07578125
1 0.2921875 0.31015625 0.05 0.08671875
1 0.32265625 0.28515625 0.03671875 0.0515625
1 0.24140625 0.29453125 0.046875 0.0703125
1 0.13984375 0.303125 0.04921875 0.08125
1 0.18203125 0.278125 0.04609375 0.07421875
0 0.39921875 0.175 0.046875 0.0796875
0 0.4671875 0.19296875 0.040625 0.1015625
1 0.446875 0.26328125 0.034375 0.06640625
1 0.35 0.24453125 0.05078125 0.05703125