1 0.78984375 0.4984375 0.17890625 0.240625
1 0.55 0.43203125 0.15703125 0.128125
1 0.38125 0.37421875 0.12421875 0.13671875
1 0.27421875 0.3390625 0.11015625 0.0890625
1 0.128125 0.38125 0.09921875 0.11875
1 0.04296875 0.33515625 0.06484375 0.1
0 0.14296875 0.28984375 0.15625 0.16640625
0 0.375 0.1484375 0.19453125 0.1515625
1 0.56953125 0.25078125 0.1125 0.0984375
1 0.36953125 0.2453125 0.08515625 0.078125
1 0.73828125 0.30390625 0.17890625 0.1515625
0 0.6203125 0.065625 0.1875 0.11640625
1 0.71328125 0.184375 0.10078125 0.05703125
1 0.55859375 0.16953125 0.08828125 0.06484375