0 0.6703125 0.58828125 0.659375 0.4984375
1 0.04296875 0.415625 0.08046875 0.121875
1 0.26953125 0.3484375 0.09375 0.0890625
0 0.1484375 0.278125 0.16875 0.1515625
1 0.36796875 0.29453125 0.08203125 0.05546875
1 0.58984375 0.16640625 0.075 0.059375
1 0.71953125 0.184375 0.08359375 0.07578125
1 0.8703125 0.20390625 0.1125 0.09609375
1 0.87890625 0.1015625 0.096875 0.07421875
1 0.65859375 0.13125 0.07734375 0.06640625
0 0.7421875 0.05625 0.209375 0.1125
0 0.43359375 0.13203125 0.19609375 0.14296875
1 0.30390625 0.1484375 0.06171875 0.06328125
1 0.23046875 0.14921875 0.05 0.04609375