0 0.14375 0.28203125 0.175 0.1703125
0 0.44453125 0.13359375 0.18671875 0.10703125
1 0.77890625 0.48046875 0.18046875 0.20546875
1 0.55390625 0.4453125 0.15546875 0.15703125
1 0.23984375 0.55390625 0.14296875 0.19453125
1 0.7890625 0.8296875 0.29140625 0.29296875
0 0.80390625 0.2234375 0.19609375 0.23671875
1 0.59453125 0.34609375 0.14296875 0.121875
1 0.3890625 0.36796875 0.0875 0.1796875
1 0.46953125 0.29921875 0.14140625 0.1203125
1 0.26015625 0.33984375 0.11875 0.1
1 0.275 0.25 0.06796875 0.059375
1 0.58671875 0.18671875 0.09453125 0.09609375