1 0.13359375 0.2859375 0.05078125 0.07578125
1 0.1796875 0.25703125 0.03359375 0.1015625
1 0.24296875 0.3015625 0.04296875 0.0515625
1 0.30234375 0.303125 0.04921875 0.06875
1 0.43046875 0.35859375 0.084375 0.08125
1 0.48359375 0.29375 0.04921875 0.07578125
1 0.42265625 0.28125 0.04921875 0.0484375
1 0.37890625 0.284375 0.04453125 0.05390625
1 0.33046875 0.2765625 0.05078125 0.05703125
1 0.27421875 0.25546875 0.04453125 0.0515625
1 0.35078125 0.24140625 0.040625 0.0609375
0 0.4 0.18515625 0.04453125 0.08125
0 0.47421875 0.19296875 0.03828125 0.07421875
1 0.50859375 0.2265625 0.03203125 0.03515625
1 0.61171875 0.271875 0.04921875 0.0515625
0 0.64609375 0.19609375 0.04375 0.071875
1 0.58125 0.21015625 0.02578125 0.04609375
1 0.7703125 0.8875 0.15 0.225
1 0.915625 0.86484375 0.16875 0.2484375