1 0.21640625 0.69296875 0.22578125 0.1609375
1 0.54140625 0.8828125 0.2671875 0.234375
1 0.60390625 0.74375 0.24609375 0.2296875
1 0.77578125 0.68125 0.22734375 0.209375
1 0.72109375 0.52109375 0.09140625 0.17578125
1 0.90625 0.8921875 0.184375 0.215625
1 0.91015625 0.17109375 0.08203125 0.0609375
1 0.71796875 0.3890625 0.06484375 0.1
1 0.6703125 0.240625 0.08359375 0.1390625
1 0.7546875 0.32109375 0.05546875 0.09609375
1 0.80390625 0.23515625 0.04375 0.078125
1 0.7140625 0.15859375 0.07109375 0.06484375
1 0.53203125 0.16328125 0.06796875 0.05703125
1 0.43671875 0.18046875 0.08046875 0.059375
1 0.34921875 0.209375 0.07578125 0.05703125
1 0.26171875 0.2296875 0.07890625 0.05390625
1 0.17265625 0.3046875 0.10546875 0.06328125
1 0.09609375 0.25390625 0.08828125 0.05390625
1 0.20390625 0.22890625 0.05703125 0.05390625
1 0.16640625 0.18515625 0.05546875 0.04296875
1 0.2171875 0.159375 0.04453125 0.03359375
0 0.30390625 0.09453125 0.08828125 0.05546875
1 0.33359375 0.13671875 0.03828125 0.03359375
1 0.26640625 0.1390625 0.03515625 0.040625
1 0.62890625 0.134375 0.05703125 0.04453125
1 0.7203125 0.1 0.0625 0.04296875
1 0.82109375 0.11640625 0.05234375 0.04296875
1 0.87578125 0.13046875 0.053125 0.04453125
0 0.75 0.03984375 0.04296875 0.06484375
1 0.578125 0.11328125 0.04375 0.06875
0 0.4796875 0.07109375 0.05078125 0.05546875
1 0.52734375 0.08671875 0.02265625 0.03671875