1 0.4203125 0.896875 0.28125 0.20390625
1 0.44453125 0.7109375 0.21875 0.209375
1 0.8 0.7109375 0.24453125 0.221875
1 0.71484375 0.51484375 0.10546875 0.18125
1 0.71640625 0.38828125 0.06875 0.1015625
1 0.67109375 0.24921875 0.08125 0.11875
1 0.0875 0.8109375 0.175 0.171875
1 0.21875 0.30859375 0.11796875 0.08515625
1 0.09921875 0.265625 0.09453125 0.06484375
1 0.26015625 0.221875 0.06796875 0.0515625
1 0.2015625 0.2265625 0.05 0.04453125
1 0.16171875 0.18515625 0.05859375 0.04453125
1 0.2125 0.15859375 0.04453125 0.03125
1 0.29296875 0.196875 0.05 0.05
1 0.346875 0.2109375 0.075 0.05390625
1 0.43359375 0.18359375 0.075 0.05546875
1 0.525 0.1640625 0.05078125 0.05390625
1 0.65078125 0.1640625 0.07109375 0.05546875
1 0.74921875 0.31796875 0.053125 0.1015625
1 0.740625 0.1203125 0.07109375 0.06328125
1 0.79921875 0.234375 0.04296875 0.0703125
0 0.91796875 0.115625 0.16171875 0.08125
1 0.90234375 0.171875 0.08671875 0.06328125
1 0.53046875 0.12578125 0.04609375 0.05
1 0.30546875 0.134375 0.03828125 0.04453125
1 0.259375 0.14296875 0.03828125 0.040625
0 0.46328125 0.0765625 0.03984375 0.06484375