0 0.23828125 0.24296875 0.23046875 0.16328125
1 0.31484375 0.7890625 0.253125 0.18359375
1 0.86484375 0.84296875 0.26484375 0.24296875
1 0.7890625 0.5859375 0.16015625 0.20390625
1 0.7203125 0.42109375 0.07421875 0.15
1 0.74609375 0.31640625 0.06640625 0.09296875
1 0.6671875 0.2515625 0.071875 0.121875
1 0.56015625 0.19453125 0.07734375 0.05703125
1 0.46328125 0.18515625 0.06953125 0.06875
1 0.390625 0.17421875 0.0625 0.06328125
1 0.64609375 0.11640625 0.046875 0.04609375
1 0.78671875 0.24609375 0.05625 0.071875
1 0.90546875 0.171875 0.08046875 0.05390625
1 0.578125 0.14921875 0.05078125 0.04609375
0 0.4671875 0.06796875 0.040625 0.06328125
1 0.5015625 0.13515625 0.04765625 0.04609375
1 0.43046875 0.13125 0.04453125 0.03515625