1 0.2359375 0.29140625 0.1 0.0796875
1 0.2546875 0.221875 0.08203125 0.0484375
1 0.1875 0.18046875 0.05 0.04296875
1 0.45390625 0.17421875 0.06875 0.05703125
1 0.55390625 0.809375 0.25390625 0.23359375
1 0.740625 0.58671875 0.12421875 0.17578125
1 0.6921875 0.44609375 0.08046875 0.13515625
1 0.66328125 0.2546875 0.0625 0.12578125
1 0.7109375 0.3296875 0.06015625 0.11484375
1 0.75546875 0.28515625 0.05078125 0.128125
1 0.8 0.23984375 0.04609375 0.090625
1 0.8640625 0.18359375 0.05390625 0.07578125
1 0.59453125 0.11875 0.05390625 0.06328125
1 0.54296875 0.090625 0.02265625 0.040625
1 0.51796875 0.090625 0.015625 0.040625
1 0.496875 0.09296875 0.02578125 0.04453125
1 0.46484375 0.078125 0.03203125 0.06328125
1 0.40078125 0.103125 0.01875 0.04296875
1 0.765625 0.090625 0.03359375 0.04453125
0 0.67578125 0.059375 0.05234375 0.0703125
1 0.29140625 0.13984375 0.034375 0.040625