0 0.45234375 0.8140625 0.79296875 0.371875
1 0.88046875 0.67109375 0.20234375 0.23359375
1 0.68671875 0.51015625 0.06640625 0.17578125
1 0.70703125 0.3765625 0.06328125 0.121875
1 0.74921875 0.3109375 0.059375 0.10546875
1 0.78671875 0.24609375 0.046875 0.0984375
1 0.8328125 0.20078125 0.04921875 0.09609375
1 0.90234375 0.1640625 0.075 0.07421875
1 0.51015625 0.1484375 0.06328125 0.05546875
1 0.59765625 0.12421875 0.040625 0.040625
1 0.54296875 0.08984375 0.02421875 0.04296875
1 0.5703125 0.08984375 0.02734375 0.0296875
1 0.51953125 0.08671875 0.02109375 0.03359375
1 0.49765625 0.0859375 0.02734375 0.04296875
1 0.46484375 0.078125 0.034375 0.06328125
1 0.403125 0.10390625 0.02109375 0.04296875
1 0.3625 0.10625 0.034375 0.05
1 0.1078125 0.21875 0.06171875 0.0484375
1 0.25625 0.14296875 0.01640625 0.028125
1 0.665625 0.25859375 0.07578125 0.11875