1 0.178125 0.5234375 0.16796875 0.20703125
1 0.771875 0.8875 0.175 0.225
1 0.91953125 0.8515625 0.16015625 0.29609375
1 0.7515625 0.30390625 0.05390625 0.09296875
1 0.590625 0.27421875 0.065625 0.08515625
1 0.49296875 0.2859375 0.04453125 0.071875
1 0.42109375 0.28203125 0.05546875 0.06484375
1 0.37890625 0.26796875 0.04765625 0.071875
1 0.30859375 0.28203125 0.040625 0.06875
1 0.24296875 0.278125 0.05703125 0.08125
1 0.14453125 0.27109375 0.04453125 0.06484375
1 0.18984375 0.25390625 0.040625 0.0484375
1 0.33203125 0.26328125 0.04140625 0.06640625
1 0.27890625 0.25 0.04296875 0.059375
1 0.29921875 0.23125 0.03828125 0.05546875
1 0.34921875 0.23046875 0.04453125 0.0609375
1 0.45546875 0.246875 0.03828125 0.05390625
1 0.46484375 0.2234375 0.03515625 0.0609375
1 0.503125 0.24609375 0.03203125 0.0484375
1 0.47265625 0.18359375 0.05390625 0.08359375
1 0.415625 0.22578125 0.03671875 0.05703125
1 0.3984375 0.15546875 0.0625 0.07421875
1 0.58203125 0.18203125 0.03359375 0.04453125
1 0.52734375 0.18984375 0.03359375 0.05