0 0.43359375 0.29921875 0.225 0.30546875
1 0.26484375 0.3484375 0.11328125 0.10390625
1 0.08046875 0.43515625 0.134375 0.11328125
1 0.740625 0.56875 0.13125 0.23125
1 0.92421875 0.69375 0.15078125 0.2390625
1 0.70390625 0.4296875 0.08828125 0.1390625
1 0.746875 0.3453125 0.07421875 0.14296875
1 0.65859375 0.26328125 0.07734375 0.14296875
0 0.68828125 0.1015625 0.090625 0.10390625
1 0.23359375 0.21015625 0.06796875 0.078125
1 0.3265625 0.16953125 0.05546875 0.06640625
1 0.53828125 0.146875 0.04296875 0.05390625
1 0.6015625 0.1484375 0.05234375 0.06875
1 0.81171875 0.109375 0.06484375 0.08515625
1 0.94453125 0.11796875 0.07109375 0.0703125