1 0.28046875 0.34453125 0.109375 0.08671875
1 0.43515625 0.33125 0.09140625 0.12421875
1 0.71171875 0.43203125 0.08046875 0.171875
1 0.76171875 0.634375 0.18515625 0.2515625
1 0.65859375 0.2609375 0.11015625 0.13515625
1 0.58828125 0.2 0.07578125 0.090625
1 0.49453125 0.225 0.06640625 0.059375
1 0.56953125 0.16015625 0.05546875 0.04453125
1 0.3203125 0.271875 0.10078125 0.06640625
1 0.1359375 0.275 0.06796875 0.07578125
1 0.2140625 0.22109375 0.084375 0.059375
1 0.34765625 0.15390625 0.05234375 0.06875
1 0.30390625 0.15625 0.04453125 0.06875
1 0.42890625 0.16328125 0.03828125 0.06484375
1 0.46953125 0.15859375 0.0375 0.05546875
1 0.48828125 0.1796875 0.05234375 0.06484375
1 0.6890625 0.1203125 0.03984375 0.0515625
0 0.73203125 0.0640625 0.07265625 0.08515625