0 0.23359375 0.5015625 0.43125 0.46484375
1 0.23125 0.33671875 0.090625 0.08359375
1 0.40078125 0.2453125 0.059375 0.071875
1 0.15703125 0.253125 0.06875 0.06328125
1 0.26484375 0.2 0.07421875 0.05703125
1 0.3515625 0.15859375 0.04453125 0.04609375
1 0.4 0.15703125 0.0375 0.05390625
1 0.42890625 0.15859375 0.03046875 0.06328125
1 0.47734375 0.1515625 0.034375 0.04609375
1 0.51640625 0.196875 0.06796875 0.0796875
1 0.575 0.20078125 0.04453125 0.0703125
1 0.66484375 0.265625 0.07265625 0.121875
1 0.9375 0.7 0.125 0.19609375
1 0.77734375 0.1 0.03046875 0.05390625
1 0.67109375 0.13203125 0.03359375 0.040625
1 0.62578125 0.13515625 0.02890625 0.059375
1 0.5796875 0.14375 0.03828125 0.04609375
1 0.58515625 0.10546875 0.034375 0.040625
1 0.73515625 0.090625 0.02265625 0.03515625
0 0.17421875 0.17109375 0.13359375 0.0890625
1 0.35703125 0.11171875 0.04921875 0.03671875
0 0.48828125 0.06640625 0.05390625 0.0484375
0 0.56484375 0.0546875 0.07578125 0.04453125