1 0.22890625 0.40390625 0.096875 0.07421875
1 0.20703125 0.33984375 0.09921875 0.07578125
1 0.14296875 0.253125 0.06875 0.06328125
0 0.22265625 0.18203125 0.13046875 0.07578125
1 0.36875 0.184375 0.0375 0.06640625
1 0.53359375 0.24453125 0.06640625 0.0796875
1 0.54921875 0.15859375 0.040625 0.0484375
1 0.66796875 0.275 0.07109375 0.128125
1 0.60859375 0.16328125 0.03515625 0.0484375
1 0.64296875 0.14296875 0.02890625 0.0484375
1 0.68203125 0.1265625 0.02734375 0.040625
0 0.759375 0.09296875 0.05234375 0.06875
1 0.72109375 0.1 0.01875 0.04296875
1 0.69765625 0.0953125 0.02890625 0.04453125
1 0.47734375 0.16015625 0.03203125 0.0515625
1 0.4328125 0.1703125 0.03515625 0.0484375
1 0.40078125 0.16171875 0.02890625 0.05546875
1 0.46015625 0.10078125 0.059375 0.05703125
1 0.58515625 0.115625 0.03046875 0.03515625