1 0.08984375 0.35625 0.09921875 0.071875
1 0.1390625 0.29453125 0.08359375 0.0609375
1 0.23359375 0.23203125 0.053125 0.04609375
1 0.34453125 0.33671875 0.05546875 0.12578125
1 0.42890625 0.41640625 0.07734375 0.1109375
1 0.434375 0.28984375 0.04765625 0.07578125
1 0.4640625 0.209375 0.03125 0.05703125
1 0.41015625 0.21875 0.02734375 0.0484375
1 0.365625 0.20859375 0.03828125 0.06484375
1 0.31953125 0.22578125 0.03671875 0.06640625
1 0.29140625 0.20703125 0.02890625 0.05390625
1 0.49609375 0.16328125 0.0375 0.05546875
1 0.44140625 0.16796875 0.034375 0.04453125
1 0.40234375 0.17578125 0.02890625 0.03671875
1 0.12109375 0.1453125 0.03046875 0.03359375
1 0.21875 0.13984375 0.03125 0.03515625
0 0.42734375 0.10703125 0.04921875 0.0515625
0 0.48984375 0.08203125 0.046875 0.05703125
1 0.52578125 0.121875 0.02421875 0.040625
1 0.55703125 0.1203125 0.03046875 0.04453125
1 0.59140625 0.10625 0.028125 0.04296875
1 0.659375 0.12421875 0.03515625 0.040625
1 0.67109375 0.28359375 0.07265625 0.1296875
1 0.88203125 0.71484375 0.22578125 0.2515625
1 0.728125 0.078125 0.01796875 0.03515625
0 0.81875 0.0546875 0.03515625 0.05