0 0.13515625 0.37109375 0.20546875 0.26875
1 0.29375 0.44296875 0.075 0.13515625
1 0.56796875 0.76796875 0.23203125 0.30546875
1 0.70703125 0.63984375 0.19765625 0.23671875
1 0.46640625 0.56171875 0.125 0.171875
1 0.46953125 0.41328125 0.08125 0.12421875
1 0.28984375 0.3234375 0.05234375 0.08515625
1 0.35859375 0.3109375 0.04921875 0.10546875
1 0.4203125 0.2734375 0.040625 0.08359375
1 0.46953125 0.30078125 0.05390625 0.08515625
1 0.48203125 0.22109375 0.034375 0.06640625
1 0.6703125 0.27890625 0.08046875 0.12421875
1 0.52109375 0.159375 0.028125 0.04609375
1 0.55078125 0.1390625 0.03515625 0.05
1 0.4578125 0.16796875 0.03046875 0.05
1 0.43828125 0.209375 0.03359375 0.05546875
1 0.38984375 0.22890625 0.028125 0.0484375
1 0.35234375 0.2265625 0.034375 0.0609375
1 0.40703125 0.1890625 0.02890625 0.05
1 0.32109375 0.1734375 0.025 0.0484375
1 0.27578125 0.23046875 0.04765625 0.05
0 0.35859375 0.1640625 0.04921875 0.071875
0 0.41953125 0.1109375 0.06015625 0.059375
0 0.49296875 0.09140625 0.06328125 0.0390625
1 0.5921875 0.10546875 0.021875 0.04609375
1 0.5046875 0.12890625 0.025 0.03671875
1 0.29453125 0.15859375 0.028125 0.04453125
1 0.77734375 0.071875 0.01953125 0.03125