1 0.20703125 0.86640625 0.25078125 0.221875
1 0.68828125 0.9046875 0.33359375 0.190625
1 0.58828125 0.58828125 0.28984375 0.24453125
1 0.43125 0.2359375 0.11640625 0.090625
1 0.10390625 0.1453125 0.08203125 0.0703125
1 0.184375 0.03828125 0.04609375 0.05
1 0.26640625 0.02578125 0.02578125 0.040625
1 0.39296875 0.07890625 0.05625 0.0609375
1 0.35078125 0.05546875 0.03828125 0.06328125
1 0.4578125 0.10078125 0.065625 0.071875
1 0.56171875 0.11953125 0.08828125 0.08125
1 0.6734375 0.13828125 0.07890625 0.0984375
1 0.7546875 0.19921875 0.103125 0.10546875
1 0.90390625 0.1984375 0.1125 0.10546875