1 0.26953125 0.303125 0.128125 0.10703125
1 0.13203125 0.28046875 0.08984375 0.09453125
0 0.059375 0.3703125 0.11875 0.278125
1 0.50078125 0.265625 0.121875 0.08515625
1 0.5875 0.61328125 0.28515625 0.20703125
1 0.65546875 0.3546875 0.153125 0.12421875
1 0.53359375 0.14921875 0.090625 0.07421875
0 0.47265625 0.078125 0.20234375 0.08515625
1 0.26953125 0.1453125 0.08046875 0.05
1 0.13671875 0.12421875 0.08125 0.040625
1 0.18515625 0.17109375 0.084375 0.05703125
1 0.13984375 0.20703125 0.09609375 0.06875
1 0.05546875 0.19453125 0.08125 0.05390625
1 0.3015625 0.046875 0.03046875 0.0484375
1 0.33359375 0.04453125 0.03515625 0.05
1 0.26796875 0.05 0.03125 0.05390625
0 0.234375 0.03359375 0.04375 0.06484375
0 0.91875 0.07421875 0.1625 0.09296875
1 0.85859375 0.125 0.09140625 0.06640625
1 0.97734375 0.16875 0.04296875 0.0796875
1 0.909375 0.2859375 0.09765625 0.078125