0 0.1796875 0.28984375 0.19375 0.1703125
1 0.5296875 0.321875 0.13984375 0.11484375
0 0.82265625 0.33828125 0.35390625 0.28671875
1 0.58515625 0.6203125 0.271875 0.2484375
1 0.61640625 0.25703125 0.07734375 0.10546875
1 0.58515625 0.1453125 0.09375 0.06640625
1 0.3359375 0.15078125 0.08515625 0.0609375
1 0.1828125 0.16640625 0.08828125 0.06484375
1 0.05546875 0.18984375 0.084375 0.071875
0 0.0640625 0.1 0.128125 0.0703125
0 0.384375 0.0890625 0.18671875 0.09453125
1 0.26484375 0.05546875 0.03046875 0.0390625
0 0.23125 0.03515625 0.03515625 0.0703125
1 0.35390625 0.0234375 0.02265625 0.0296875
0 0.82421875 0.06796875 0.31171875 0.10390625
1 0.921875 0.153125 0.06796875 0.06484375
1 0.98046875 0.16171875 0.03828125 0.06640625