1 0.74609375 0.74609375 0.12734375 0.20390625
1 0.82734375 0.59453125 0.13828125 0.22578125
1 0.978125 0.73046875 0.04375 0.1609375
1 0.9515625 0.93046875 0.096875 0.1390625
1 0.0421875 0.4890625 0.084375 0.1890625
1 0.22265625 0.28515625 0.075 0.078125
1 0.290625 0.2859375 0.04921875 0.10390625
1 0.41796875 0.2734375 0.03515625 0.08671875
1 0.49296875 0.2890625 0.06015625 0.06640625
1 0.36796875 0.259375 0.06015625 0.07421875
1 0.3234375 0.2453125 0.034375 0.05390625
1 0.2734375 0.2390625 0.04609375 0.0703125
1 0.18203125 0.23671875 0.05703125 0.0703125
1 0.1390625 0.25625 0.06640625 0.071875
1 0.44609375 0.24375 0.03203125 0.04609375
1 0.46171875 0.2265625 0.03515625 0.06875
0 0.47734375 0.16796875 0.04453125 0.08359375
1 0.51640625 0.21953125 0.0375 0.06875
1 0.36015625 0.21015625 0.06171875 0.05703125