1 0.35 0.40625 0.159375 0.1109375
1 0.3984375 0.31328125 0.12421875 0.12578125
1 0.51328125 0.265625 0.13671875 0.1015625
1 0.79609375 0.309375 0.121875 0.1296875
1 0.58359375 0.60625 0.271875 0.228125
1 0.05703125 0.421875 0.11328125 0.11328125
1 0.03984375 0.309375 0.0796875 0.096875
1 0.09140625 0.271875 0.090625 0.07421875
1 0.13515625 0.20625 0.09609375 0.0703125
1 0.1828125 0.17109375 0.09140625 0.06875
1 0.053125 0.19609375 0.07734375 0.05703125
0 0.28046875 0.0765625 0.22265625 0.10703125
1 0.371875 0.14921875 0.096875 0.0609375
1 0.48984375 0.13203125 0.078125 0.04609375
1 0.56640625 0.1453125 0.08046875 0.06640625
1 0.68828125 0.1265625 0.08046875 0.05703125
0 0.7546875 0.06171875 0.2 0.1234375
1 0.84609375 0.140625 0.07578125 0.05703125
1 0.90703125 0.1609375 0.09296875 0.06484375
1 0.978125 0.165625 0.04375 0.08359375