0 0.2515625 0.36796875 0.50234375 0.2390625
0 0.58203125 0.23515625 0.23515625 0.16875
1 0.1390625 0.21796875 0.09375 0.07578125
1 0.1828125 0.1796875 0.08671875 0.078125
1 0.053125 0.19296875 0.08203125 0.07578125
0 0.11171875 0.1 0.22109375 0.08671875
0 0.23359375 0.03828125 0.03671875 0.07578125
1 0.26640625 0.05546875 0.02890625 0.04296875
1 0.93125 0.325 0.1375 0.115625
1 0.58671875 0.615625 0.28125 0.24609375
1 0.90859375 0.17578125 0.08984375 0.078125
1 0.978125 0.18359375 0.04375 0.0828125
1 0.47578125 0.12421875 0.07265625 0.05703125
1 0.6890625 0.12421875 0.06953125 0.0703125
1 0.33125 0.0515625 0.03359375 0.04453125
1 0.29765625 0.05390625 0.02421875 0.04453125