1 0.23671875 0.33046875 0.13125 0.1
1 0.38984375 0.29375 0.12890625 0.128125
0 0.61796875 0.27578125 0.18984375 0.2
0 0.38359375 0.11171875 0.20703125 0.10546875
1 0.20859375 0.18515625 0.08671875 0.07578125
1 0.1453125 0.215625 0.090625 0.06328125
1 0.05546875 0.19921875 0.08359375 0.06328125
1 0.2125 0.1140625 0.06484375 0.06484375
0 0.23984375 0.03984375 0.03515625 0.0796875
1 0.91171875 0.28671875 0.115625 0.11875
1 0.903125 0.1796875 0.09609375 0.071875
1 0.97578125 0.18671875 0.04453125 0.08515625
1 0.07890625 0.14140625 0.08359375 0.059375
1 0.5875 0.621875 0.278125 0.2296875
1 0.35859375 0.034375 0.02421875 0.0296875