1 0.59140625 0.64375 0.27265625 0.2609375
1 0.37421875 0.37890625 0.146875 0.15
1 0.58671875 0.321875 0.13828125 0.1015625
1 0.75234375 0.23671875 0.09765625 0.1
1 0.1921875 0.32578125 0.11875 0.10390625
1 0.2453125 0.2046875 0.08984375 0.0609375
0 0.465625 0.1734375 0.27421875 0.1609375
1 0.5328125 0.234375 0.1125 0.08359375
1 0.64375 0.2 0.096875 0.0703125
1 0.67421875 0.1296875 0.071875 0.059375
1 0.86171875 0.1 0.0625 0.0515625
1 0.959375 0.16875 0.07734375 0.059375
1 0.96796875 0.234375 0.06328125 0.06875
1 0.8984375 0.03359375 0.03828125 0.0484375
0 0.0484375 0.19140625 0.096875 0.16875
1 0.265625 0.0640625 0.028125 0.04296875
1 0.3 0.05703125 0.02578125 0.040625
1 0.33046875 0.0546875 0.03046875 0.0390625