1 0.16796875 0.47890625 0.18671875 0.16484375
1 0.371875 0.365625 0.140625 0.13359375
1 0.54921875 0.30625 0.14921875 0.1390625
1 0.790625 0.26953125 0.13125 0.121875
1 0.57265625 0.63125 0.38046875 0.2515625
1 0.940625 0.19375 0.08984375 0.078125
1 0.9421875 0.140625 0.07421875 0.06328125
1 0.7625 0.19453125 0.109375 0.1109375
1 0.61171875 0.2046875 0.10078125 0.09453125
0 0.59453125 0.12578125 0.30390625 0.14609375
0 0.15859375 0.17734375 0.3171875 0.1203125
0 0.23828125 0.040625 0.06875 0.08125
1 0.11171875 0.25703125 0.115625 0.08671875
1 0.14609375 0.38203125 0.12890625 0.140625
1 0.44453125 0.25390625 0.11953125 0.0703125
1 0.33984375 0.31171875 0.13671875 0.11640625
1 0.37734375 0.2046875 0.11953125 0.078125
1 0.81953125 0.11015625 0.07578125 0.08359375
1 0.85 0.09453125 0.05625 0.071875
1 0.9140625 0.06484375 0.03359375 0.06640625
1 0.32890625 0.05390625 0.03203125 0.05390625