1 0.18046875 0.39921875 0.15234375 0.16484375
1 0.36640625 0.41953125 0.16171875 0.11875
1 0.3625 0.334375 0.128125 0.1109375
1 0.37734375 0.28828125 0.115625 0.09296875
1 0.55078125 0.303125 0.12265625 0.08515625
1 0.66640625 0.3296875 0.115625 0.1203125
1 0.83671875 0.30859375 0.11640625 0.10546875
1 0.60234375 0.65703125 0.31015625 0.278125
1 0.05390625 0.55625 0.10703125 0.14453125
1 0.1671875 0.2109375 0.10703125 0.0796875
1 0.10546875 0.1796875 0.09921875 0.08125
1 0.540625 0.2359375 0.13828125 0.10390625
1 0.72578125 0.265625 0.11953125 0.090625
1 0.73671875 0.209375 0.11171875 0.08515625
1 0.86640625 0.165625 0.10703125 0.109375
1 0.94921875 0.2234375 0.09296875 0.08671875
0 0.63046875 0.128125 0.29765625 0.1296875
0 0.2421875 0.046875 0.08125 0.09375
1 0.28359375 0.165625 0.078125 0.08671875
1 0.35078125 0.171875 0.10078125 0.1
1 0.29765625 0.06796875 0.03359375 0.0484375
1 0.33203125 0.06640625 0.03515625 0.05703125
1 0.2640625 0.071875 0.03203125 0.05390625
1 0.89140625 0.06796875 0.04296875 0.071875
0 0.94375 0.09296875 0.07109375 0.12421875