1 0.2203125 0.50703125 0.16953125 0.16875
1 0.13671875 0.46015625 0.18359375 0.14609375
1 0.11953125 0.41171875 0.16484375 0.13671875
1 0.19765625 0.26015625 0.11640625 0.08671875
1 0.38984375 0.36015625 0.140625 0.13125
1 0.38828125 0.2796875 0.13828125 0.11484375
1 0.540625 0.38046875 0.1625 0.1390625
1 0.60703125 0.30625 0.11875 0.12421875
1 0.80859375 0.28125 0.103125 0.121875
1 0.07734375 0.2296875 0.09453125 0.09296875
1 0.44453125 0.20078125 0.10546875 0.0796875
1 0.525 0.18203125 0.08203125 0.09609375
1 0.32421875 0.06953125 0.03359375 0.0484375
1 0.29296875 0.08125 0.03359375 0.059375
1 0.25859375 0.09296875 0.03125 0.06875
0 0.2546875 0.0546875 0.084375 0.1
0 0.68671875 0.20078125 0.25546875 0.15390625
0 0.87265625 0.14921875 0.23671875 0.1296875
1 0.60859375 0.675 0.32109375 0.29296875