0 0.39609375 0.2296875 0.39140625 0.24453125
0 0.79609375 0.1640625 0.29609375 0.171875
0 0.23828125 0.0609375 0.06875 0.08125
0 0.14140625 0.35703125 0.275 0.29296875
1 0.59609375 0.65546875 0.30703125 0.2484375
1 0.27421875 0.453125 0.19609375 0.1109375
1 0.58515625 0.39296875 0.17109375 0.16328125
1 0.06796875 0.596875 0.13515625 0.171875
1 0.17890625 0.21015625 0.084375 0.08359375
1 0.2984375 0.07890625 0.034375 0.04609375
1 0.32578125 0.07890625 0.034375 0.05
1 0.2609375 0.0796875 0.03359375 0.04453125