1 0.3171875 0.68828125 0.12890625 0.1984375
1 0.68828125 0.55546875 0.115625 0.1703125
1 0.77109375 0.41953125 0.08359375 0.12421875
1 0.88359375 0.346875 0.11015625 0.1203125
1 0.9171875 0.878125 0.159375 0.24375
1 0.08984375 0.81796875 0.14296875 0.30546875
1 0.05234375 0.54765625 0.1046875 0.1703125
1 0.06171875 0.44921875 0.1 0.12421875
1 0.15546875 0.334375 0.04453125 0.09453125
1 0.2328125 0.41640625 0.06484375 0.11875
1 0.3859375 0.39296875 0.065625 0.10703125
1 0.515625 0.35703125 0.078125 0.121875
1 0.61484375 0.290625 0.04921875 0.08515625
1 0.70546875 0.315625 0.05625 0.0796875
1 0.73203125 0.26796875 0.04609375 0.09453125
1 0.61796875 0.2234375 0.0375 0.0796875
1 0.65703125 0.18359375 0.04609375 0.07421875
1 0.48984375 0.2765625 0.04765625 0.109375
1 0.42578125 0.284375 0.04765625 0.071875
1 0.35078125 0.28046875 0.04453125 0.0796875
1 0.27421875 0.28828125 0.08671875 0.1015625
1 0.09765625 0.303125 0.05703125 0.109375
1 0.14765625 0.2546875 0.06171875 0.08359375
1 0.45703125 0.18515625 0.040625 0.11875
1 0.3453125 0.215625 0.046875 0.08359375