0 0.26328125 0.26640625 0.41953125 0.2203125
0 0.1203125 0.1265625 0.15234375 0.1609375
1 0.61796875 0.64140625 0.378125 0.31328125
1 0.53515625 0.178125 0.11171875 0.0796875
1 0.5796875 0.14453125 0.09140625 0.078125
1 0.675 0.1546875 0.08125 0.0984375
1 0.7203125 0.13671875 0.06953125 0.08359375
1 0.79765625 0.1640625 0.06875 0.0796875
1 0.85859375 0.14140625 0.05546875 0.05546875
1 0.93828125 0.15078125 0.07890625 0.0703125
1 0.2390625 0.1359375 0.04296875 0.0703125
1 0.1703125 0.14921875 0.053125 0.08671875
1 0.2375 0.05546875 0.059375 0.08125
1 0.315625 0.1 0.03125 0.05546875
1 0.9375 0.084375 0.0625 0.05546875