1 0.5796875 0.66640625 0.346875 0.24296875
1 0.76484375 0.896875 0.32578125 0.20546875
1 0.1234375 0.9109375 0.24453125 0.178125
1 0.93125 0.371875 0.1375 0.19609375
1 0.7703125 0.1609375 0.075 0.09453125
1 0.81640625 0.13203125 0.07265625 0.0703125
1 0.88125 0.14453125 0.07421875 0.090625
1 0.92890625 0.1203125 0.034375 0.06328125
1 0.86953125 0.06953125 0.05625 0.06875
1 0.0484375 0.3234375 0.096875 0.11484375
1 0.12890625 0.2390625 0.06875 0.1015625
1 0.21171875 0.20546875 0.05078125 0.0890625
1 0.18828125 0.184375 0.04765625 0.059375
1 0.06796875 0.1796875 0.06796875 0.11484375
1 0.03515625 0.26171875 0.05546875 0.0609375
1 0.13046875 0.18671875 0.05078125 0.0609375
1 0.13671875 0.1515625 0.05078125 0.059375
1 0.26015625 0.11953125 0.04375 0.07421875
1 0.1859375 0.11171875 0.05703125 0.07578125
1 0.33203125 0.11640625 0.05703125 0.1015625
0 0.30546875 0.05390625 0.08515625 0.08125
0 0.26171875 0.05 0.07421875 0.0703125