1 0.58671875 0.6765625 0.33671875 0.33671875
1 0.45859375 0.89609375 0.32578125 0.20703125
1 0.846875 0.88515625 0.30625 0.2296875
1 0.12578125 0.90546875 0.2515625 0.1890625
1 0.07109375 0.35703125 0.10078125 0.140625
1 0.52421875 0.259375 0.11640625 0.109375
1 0.64921875 0.21015625 0.09921875 0.109375
1 0.92421875 0.3640625 0.15078125 0.17421875
1 0.90703125 0.15390625 0.10390625 0.0796875
1 0.55234375 0.203125 0.11171875 0.10703125
1 0.3984375 0.21875 0.10390625 0.10546875
1 0.1375 0.215625 0.05625 0.0984375
1 0.06796875 0.25078125 0.08046875 0.0609375
0 0.22109375 0.1265625 0.11640625 0.15390625
0 0.125 0.14140625 0.1125 0.10546875
0 0.10546875 0.11328125 0.16640625 0.11328125