1 0.27890625 0.91640625 0.29375 0.16640625
1 0.5890625 0.65859375 0.284375 0.240625
1 0.84609375 0.91015625 0.30078125 0.1796875
0 0.04140625 0.29375 0.08125 0.1984375
1 0.14453125 0.25078125 0.06328125 0.08125
1 0.32421875 0.23359375 0.08671875 0.09453125
1 0.4375 0.259375 0.09921875 0.08515625
1 0.63359375 0.31328125 0.11953125 0.12578125
1 0.75859375 0.30859375 0.115625 0.11328125
1 0.76640625 0.23359375 0.11484375 0.090625
1 0.975 0.3171875 0.05 0.06875
1 0.91640625 0.11796875 0.03828125 0.0515625
1 0.9375 0.103125 0.025 0.04609375
1 0.96640625 0.0984375 0.02421875 0.0390625
1 0.578125 0.196875 0.08984375 0.10703125
1 0.4359375 0.15625 0.05546875 0.07578125
0 0.31328125 0.06640625 0.075 0.1015625
1 0.38515625 0.03046875 0.02265625 0.0609375
1 0.22890625 0.1640625 0.04296875 0.05
1 0.165625 0.14140625 0.04453125 0.05546875
1 0.12265625 0.20703125 0.05859375 0.071875
1 0.1140625 0.1734375 0.046875 0.0484375
1 0.21484375 0.11953125 0.025 0.0515625
1 0.26171875 0.12578125 0.02890625 0.0484375
1 0.90234375 0.08046875 0.03515625 0.0484375