1 0.26640625 0.91796875 0.2890625 0.1640625
1 0.68671875 0.91484375 0.31875 0.1703125
1 0.58359375 0.66015625 0.28671875 0.2203125
1 0.57265625 0.29140625 0.115625 0.09296875
0 0.83671875 0.3203125 0.16484375 0.17421875
1 0.68984375 0.21640625 0.10234375 0.10546875
1 0.58828125 0.18359375 0.08203125 0.07421875
1 0.43203125 0.2640625 0.096875 0.1015625
1 0.325 0.2296875 0.09765625 0.078125
1 0.39453125 0.11875 0.07109375 0.109375
0 0.19140625 0.16875 0.134375 0.17421875
1 0.1015625 0.2265625 0.04453125 0.06640625
1 0.04140625 0.34375 0.07734375 0.11328125
1 0.02890625 0.259375 0.05078125 0.06640625
1 0.08359375 0.171875 0.05546875 0.05546875
1 0.3375 0.06328125 0.02578125 0.05
1 0.28203125 0.11015625 0.034375 0.06640625
1 0.91640625 0.103125 0.0375 0.06328125
1 0.9578125 0.928125 0.084375 0.14375
1 0.878125 0.06484375 0.02890625 0.04453125
1 0.83046875 0.01875 0.02734375 0.028125
1 0.9375 0.04609375 0.03125 0.03671875
1 0.975 0.159375 0.04375 0.06328125
1 0.4859375 0.2203125 0.06171875 0.06328125