1 0.60703125 0.68359375 0.36015625 0.31328125
1 0.27109375 0.890625 0.30859375 0.21875
1 0.67890625 0.88671875 0.35703125 0.22578125
1 0.58046875 0.28515625 0.109375 0.1203125
1 0.5859375 0.23125 0.090625 0.08359375
1 0.57890625 0.1765625 0.0875 0.08515625
1 0.6859375 0.2046875 0.1 0.08359375
1 0.8265625 0.228125 0.13828125 0.16328125
1 0.42890625 0.26484375 0.08125 0.0890625
1 0.47734375 0.228125 0.08671875 0.0796875
1 0.3234375 0.215625 0.09765625 0.10546875
1 0.3671875 0.19453125 0.06875 0.08359375
1 0.15625 0.23515625 0.09921875 0.08359375
1 0.20234375 0.140625 0.05078125 0.07421875
1 0.184375 0.171875 0.04609375 0.04609375
1 0.1171875 0.23046875 0.053125 0.1015625
1 0.0390625 0.28515625 0.06796875 0.1296875
0 0.06796875 0.18515625 0.12734375 0.159375
0 0.1734375 0.09453125 0.12578125 0.1015625