1 0.18359375 0.9203125 0.275 0.159375
1 0.64296875 0.91640625 0.303125 0.16640625
1 0.928125 0.9203125 0.14375 0.15625
1 0.5921875 0.6703125 0.29375 0.23359375
1 0.47109375 0.31953125 0.103125 0.10546875
1 0.25390625 0.253125 0.08046875 0.0796875
1 0.30390625 0.2234375 0.075 0.0609375
1 0.4203125 0.2453125 0.08125 0.0609375
1 0.575 0.28984375 0.103125 0.08671875
0 0.7359375 0.27421875 0.15390625 0.140625
1 0.84140625 0.2453125 0.13671875 0.1515625
1 0.68359375 0.20078125 0.0875 0.071875
1 0.5796875 0.1890625 0.075 0.0703125
1 0.46796875 0.2203125 0.07734375 0.059375
0 0.06796875 0.22578125 0.128125 0.21484375
1 0.19453125 0.11328125 0.05 0.06328125
1 0.34140625 0.0890625 0.03359375 0.0515625
1 0.29765625 0.09296875 0.028125 0.03125
1 0.26640625 0.09375 0.02890625 0.0515625
1 0.91484375 0.1109375 0.05078125 0.04453125
1 0.9453125 0.48984375 0.109375 0.2015625