1 0.6546875 0.55625 0.0875 0.190625
1 0.79765625 0.56484375 0.121875 0.2109375
1 0.9046875 0.5046875 0.11875 0.20703125
1 0.9375 0.8890625 0.125 0.221875
0 0.33203125 0.58046875 0.184375 0.44609375
1 0.07578125 0.79609375 0.14375 0.29609375
1 0.09765625 0.5296875 0.11484375 0.2015625
1 0.1390625 0.403125 0.08203125 0.1390625
1 0.04453125 0.3703125 0.08515625 0.16640625
1 0.265625 0.36328125 0.06796875 0.1
1 0.22890625 0.3140625 0.05859375 0.11328125
0 0.29140625 0.23046875 0.08046875 0.128125
1 0.15859375 0.23203125 0.05625 0.0984375
1 0.51875 0.34609375 0.065625 0.121875
1 0.63046875 0.375 0.05859375 0.1203125
1 0.71875 0.36015625 0.06171875 0.121875
1 0.76640625 0.296875 0.065625 0.11328125
1 0.72734375 0.240625 0.053125 0.078125
1 0.6890625 0.278125 0.06015625 0.07421875
1 0.63359375 0.21328125 0.04375 0.06875
1 0.68359375 0.18984375 0.05625 0.08671875
1 0.41875 0.31875 0.06328125 0.121875
1 0.36953125 0.253125 0.04609375 0.07421875
1 0.43984375 0.23515625 0.034375 0.08515625
1 0.4921875 0.278125 0.04375 0.08125
1 0.47734375 0.184375 0.04296875 0.0796875
1 0.61015625 0.16015625 0.02890625 0.05546875
1 0.58671875 0.1296875 0.03359375 0.05546875
1 0.38515625 0.18515625 0.03671875 0.06328125