1 0.12265625 0.92109375 0.24453125 0.15703125
1 0.58203125 0.909375 0.303125 0.18125
1 0.8890625 0.9109375 0.221875 0.178125
1 0.5875 0.65546875 0.28515625 0.2484375
1 0.53515625 0.309375 0.11796875 0.1015625
1 0.84453125 0.25859375 0.14453125 0.178125
1 0.96640625 0.27578125 0.05625 0.0484375
1 0.97265625 0.33359375 0.053125 0.08125
1 0.58046875 0.20078125 0.08125 0.08359375
1 0.69296875 0.2234375 0.10625 0.1109375
0 0.4046875 0.20703125 0.11640625 0.1
1 0.24296875 0.26484375 0.1 0.09453125
1 0.23046875 0.21484375 0.07578125 0.05
1 0.22734375 0.1859375 0.075 0.04609375
1 0.19453125 0.1234375 0.040625 0.059375
0 0.23203125 0.08203125 0.046875 0.09296875
1 0.2671875 0.0984375 0.03125 0.0515625
1 0.29765625 0.1 0.028125 0.040625
1 0.33515625 0.1 0.02734375 0.04609375
1 0.89609375 0.109375 0.05078125 0.05703125
1 0.97421875 0.1546875 0.04140625 0.0515625
0 0.971875 0.084375 0.05625 0.09296875
1 0.84453125 0.0734375 0.03828125 0.059375
1 0.09296875 0.21640625 0.05546875 0.05703125
1 0.05 0.24140625 0.0625 0.05703125