1 0.60546875 0.68515625 0.32421875 0.33671875
1 0.36328125 0.8765625 0.30859375 0.24609375
1 0.08125 0.88984375 0.1625 0.2203125
1 0.8828125 0.87421875 0.234375 0.2515625
1 0.8375 0.25703125 0.13984375 0.21875
1 0.6859375 0.21015625 0.1125 0.1390625
1 0.58046875 0.19140625 0.09140625 0.15546875
1 0.18046875 0.24375 0.1 0.06328125
1 0.1921875 0.11484375 0.04609375 0.059375
1 0.30078125 0.0953125 0.04140625 0.04609375
1 0.26640625 0.1015625 0.02421875 0.03671875
0 0.24296875 0.06796875 0.08125 0.13125