1 0.21015625 0.9046875 0.259375 0.18359375
1 0.53515625 0.93671875 0.25 0.12578125
1 0.5875 0.68515625 0.29140625 0.23515625
1 0.8125 0.840625 0.2625 0.221875
1 0.37109375 0.29140625 0.10234375 0.090625
1 0.6265625 0.24609375 0.09375 0.0890625
1 0.56953125 0.19140625 0.0625 0.06875
1 0.6890625 0.22578125 0.08984375 0.0890625
1 0.83515625 0.25859375 0.13359375 0.16875
1 0.1921875 0.12109375 0.04609375 0.0609375
0 0.33671875 0.08203125 0.053125 0.10390625
1 0.26328125 0.10859375 0.02578125 0.05
1 0.29453125 0.10390625 0.02265625 0.05390625