0 0.53203125 0.153125 0.22265625 0.19453125
1 0.8359375 0.3109375 0.12890625 0.13515625
1 0.7984375 0.246875 0.103125 0.10703125
1 0.84921875 0.446875 0.17890625 0.171875
1 0.58828125 0.67890625 0.32890625 0.278125
1 0.2921875 0.8875 0.265625 0.225
1 0.78359375 0.8453125 0.284375 0.21640625
1 0.34765625 0.14609375 0.05078125 0.06875
1 0.30078125 0.115625 0.03515625 0.06484375
1 0.27109375 0.11171875 0.02578125 0.04296875
1 0.19453125 0.14375 0.059375 0.109375
0 0.2421875 0.0765625 0.07890625 0.090625
0 0.2921875 0.053125 0.06328125 0.06328125
1 0.9078125 0.09921875 0.05390625 0.04453125