1 0.35703125 0.6234375 0.10859375 0.23125
1 0.6734375 0.52890625 0.0625 0.15390625
1 0.73203125 0.35859375 0.0625 0.12421875
1 0.72421875 0.26015625 0.05703125 0.0984375
1 0.63046875 0.3109375 0.05546875 0.1109375
1 0.51953125 0.34921875 0.06953125 0.128125
1 0.38203125 0.315625 0.04140625 0.15390625
0 0.2890625 0.221875 0.09609375 0.1796875
1 0.20234375 0.38359375 0.06015625 0.140625
1 0.18046875 0.59375 0.115625 0.209375
1 0.05703125 0.85859375 0.103125 0.25703125
0 0.08984375 0.440625 0.16015625 0.421875
1 0.91796875 0.87421875 0.15390625 0.2515625
1 0.66484375 0.23125 0.04296875 0.07421875
1 0.67890625 0.1546875 0.03125 0.071875
1 0.58046875 0.16875 0.03125 0.06328125
1 0.49296875 0.27890625 0.04296875 0.09453125
1 0.43203125 0.25859375 0.03984375 0.071875
1 0.45546875 0.20078125 0.04765625 0.06875
1 0.51875 0.196875 0.05546875 0.06484375
1 0.46953125 0.15078125 0.04921875 0.03125
1 0.3546875 0.275 0.02890625 0.08671875