1 0.09765625 0.5984375 0.07578125 0.128125
1 0.15390625 0.53515625 0.06484375 0.07578125
1 0.18828125 0.59375 0.08984375 0.1
1 0.36484375 0.65390625 0.084375 0.14296875
1 0.69921875 0.71015625 0.11171875 0.18515625
0 0.50390625 0.584375 0.12265625 0.27421875
0 0.6125 0.434375 0.1 0.1515625
1 0.85859375 0.58515625 0.14765625 0.1296875
1 0.93125 0.55546875 0.11875 0.1203125
1 0.34921875 0.5296875 0.06171875 0.0890625
1 0.4140625 0.59375 0.05390625 0.10546875
1 0.4125 0.48046875 0.05 0.08359375
1 0.45546875 0.46171875 0.04921875 0.078125
1 0.5765625 0.51875 0.053125 0.07578125