1 0.37265625 0.7984375 0.09140625 0.15546875
1 0.19921875 0.60703125 0.08046875 0.10390625
1 0.10078125 0.61640625 0.06484375 0.11640625
1 0.15546875 0.5515625 0.05703125 0.0609375
1 0.43515625 0.66484375 0.075 0.1109375
1 0.57890625 0.7390625 0.07890625 0.16640625
1 0.68125 0.70078125 0.08046875 0.14609375
1 0.79140625 0.89296875 0.13984375 0.159375
1 0.85859375 0.59921875 0.15 0.128125
1 0.66328125 0.52890625 0.06328125 0.09453125
1 0.58046875 0.56640625 0.05859375 0.08515625
1 0.45546875 0.57578125 0.06640625 0.08125
1 0.359375 0.540625 0.05078125 0.0703125
1 0.4140625 0.48515625 0.04375 0.06328125
1 0.46171875 0.4796875 0.04375 0.07421875
0 0.55078125 0.453125 0.07890625 0.14609375
0 0.61640625 0.41328125 0.08125 0.0890625
1 0.63828125 0.4703125 0.03671875 0.06328125
1 0.8515625 0.4359375 0.08359375 0.04296875
1 0.7234375 0.41171875 0.0375 0.059375
1 0.6828125 0.4 0.034375 0.05390625