0 0.49921875 0.615625 0.12421875 0.30546875
0 0.56640625 0.50859375 0.09375 0.2296875
0 0.68359375 0.37890625 0.071875 0.11484375
1 0.73515625 0.40390625 0.03046875 0.05390625
1 0.67109375 0.4859375 0.06015625 0.08671875
1 0.66484375 0.61015625 0.07265625 0.14296875
1 0.86015625 0.61640625 0.13203125 0.18671875
1 0.92265625 0.59921875 0.11015625 0.13515625
1 0.35234375 0.5515625 0.05390625 0.090625
1 0.41796875 0.62421875 0.04765625 0.0984375
1 0.4171875 0.4953125 0.05625 0.0890625
1 0.4609375 0.48984375 0.03671875 0.09453125
1 0.190625 0.621875 0.07890625 0.10390625
1 0.09375 0.62890625 0.078125 0.128125
1 0.14921875 0.5609375 0.06796875 0.10546875
1 0.25703125 0.50546875 0.10390625 0.071875