1 0.10078125 0.6359375 0.06953125 0.10703125
1 0.1859375 0.63671875 0.09140625 0.0890625
1 0.07890625 0.58359375 0.06953125 0.06640625
1 0.1546875 0.58359375 0.07265625 0.08359375
1 0.1046875 0.5265625 0.08125 0.06875
1 0.49921875 0.79453125 0.109375 0.159375
1 0.58046875 0.70390625 0.08046875 0.16328125
1 0.67890625 0.8765625 0.15 0.24609375
1 0.64921875 0.58984375 0.075 0.16640625
1 0.85703125 0.61640625 0.13515625 0.11640625
1 0.925 0.6 0.10078125 0.1
1 0.57734375 0.48828125 0.04453125 0.0609375
1 0.6671875 0.45703125 0.06796875 0.06328125
1 0.73515625 0.4234375 0.040625 0.059375
1 0.24765625 0.49921875 0.096875 0.10390625
0 0.3828125 0.59453125 0.16875 0.2296875
0 0.253125 0.81640625 0.38984375 0.36640625