0 0.23515625 0.83203125 0.41796875 0.33515625
0 0.32890625 0.60078125 0.18125 0.14609375
1 0.57421875 0.9109375 0.1125 0.17421875
1 0.58671875 0.7390625 0.10546875 0.12578125
1 0.55625 0.63203125 0.065625 0.08359375
1 0.65234375 0.58125 0.06875 0.1
1 0.7390625 0.8859375 0.11015625 0.21640625
1 0.85625 0.6203125 0.14453125 0.11875
1 0.5796875 0.54921875 0.06015625 0.08359375
1 0.50390625 0.534375 0.05234375 0.07578125
1 0.09296875 0.64140625 0.059375 0.08671875
1 0.1796875 0.63828125 0.06953125 0.08515625
1 0.24765625 0.56640625 0.075 0.06328125
1 0.125 0.5265625 0.090625 0.05390625
1 0.26015625 0.49921875 0.08046875 0.0484375
1 0.6078125 0.475 0.04765625 0.05
1 0.72109375 0.42109375 0.03359375 0.04609375
1 0.83828125 0.4515625 0.078125 0.04609375
1 0.96953125 0.45546875 0.05390625 0.0703125