0 0.30546875 0.759375 0.20078125 0.4109375
1 0.575 0.9296875 0.10703125 0.140625
1 0.54921875 0.815625 0.09609375 0.12578125
1 0.53359375 0.7109375 0.07734375 0.07421875
1 0.52890625 0.64609375 0.06796875 0.07421875
1 0.58515625 0.60546875 0.065625 0.08515625
1 0.53828125 0.5515625 0.046875 0.0890625
1 0.4296875 0.61328125 0.08046875 0.08125
1 0.49296875 0.54375 0.040625 0.071875
1 0.84453125 0.63125 0.13125 0.11875
1 0.653125 0.559375 0.06328125 0.09296875
1 0.83359375 0.465625 0.08125 0.04609375
1 0.9671875 0.45625 0.059375 0.0609375
1 0.67109375 0.465625 0.04765625 0.0609375
1 0.51015625 0.471875 0.053125 0.05
1 0.41328125 0.54609375 0.05078125 0.059375
1 0.45390625 0.509375 0.04296875 0.06328125
1 0.2046875 0.67578125 0.06484375 0.09609375
1 0.16953125 0.653125 0.0625 0.09453125
1 0.08359375 0.64453125 0.06875 0.10390625
1 0.14375 0.59453125 0.059375 0.06640625
1 0.23984375 0.515625 0.07109375 0.05703125
1 0.15546875 0.53359375 0.09296875 0.06875