1 0.07890625 0.640625 0.1578125 0.18125
1 0.1203125 0.41484375 0.14453125 0.12421875
1 0.11640625 0.31328125 0.059375 0.1
1 0.3265625 0.44140625 0.153125 0.08671875
1 0.75078125 0.896875 0.171875 0.20546875
1 0.9078125 0.8703125 0.184375 0.259375
1 0.56640625 0.33203125 0.09765625 0.09296875
1 0.3953125 0.3140625 0.04375 0.09609375
0 0.46484375 0.33828125 0.05390625 0.08515625
1 0.27578125 0.328125 0.05703125 0.07578125
1 0.215625 0.325 0.0625 0.078125
0 0.46640625 0.203125 0.04140625 0.09296875
1 0.32734375 0.2734375 0.04921875 0.0890625