1 0.52265625 0.3484375 0.121875 0.090625
1 0.23359375 0.2984375 0.05234375 0.07421875
1 0.13359375 0.29609375 0.0625 0.0796875
1 0.29296875 0.3 0.05625 0.078125
1 0.67890625 0.2859375 0.04765625 0.1296875
1 0.57109375 0.26796875 0.03828125 0.071875
1 0.63671875 0.24375 0.03984375 0.06640625
1 0.9203125 0.87421875 0.159375 0.2515625
1 0.76796875 0.89453125 0.20078125 0.2109375
0 0.46328125 0.184375 0.05234375 0.08359375
1 0.36796875 0.28984375 0.04453125 0.090625
1 0.41328125 0.29140625 0.04921875 0.08359375