1 0.13671875 0.28671875 0.075 0.0796875
1 0.18828125 0.26328125 0.04609375 0.05
1 0.2390625 0.28359375 0.05390625 0.08671875
1 0.29375 0.28984375 0.04921875 0.0796875
1 0.29140625 0.3765625 0.15 0.09609375
1 0.37890625 0.28046875 0.0375 0.071875
1 0.41796875 0.278125 0.03984375 0.07421875
1 0.4828125 0.2859375 0.05234375 0.08359375
1 0.78359375 0.8890625 0.18828125 0.221875
1 0.9125 0.86796875 0.175 0.2515625
1 0.46953125 0.184375 0.06484375 0.090625
1 0.57578125 0.23515625 0.05390625 0.06484375