1 0.615625 0.26484375 0.06796875 0.08359375
1 0.6640625 0.2203125 0.046875 0.07421875
1 0.79140625 0.478125 0.11015625 0.15703125
1 0.92421875 0.3484375 0.109375 0.12421875
1 0.7328125 0.26796875 0.05546875 0.0515625
1 0.70625 0.340625 0.06875 0.09453125
1 0.75546875 0.30546875 0.04296875 0.07421875
1 0.621875 0.35078125 0.06796875 0.08515625
1 0.51484375 0.34453125 0.075 0.1109375
1 0.71640625 0.67578125 0.14375 0.19609375
1 0.3671875 0.5234375 0.08828125 0.16875
1 0.39375 0.33515625 0.06640625 0.11875
1 0.275 0.36875 0.08203125 0.12421875
1 0.28359375 0.2765625 0.07109375 0.13359375
1 0.18359375 0.31875 0.06484375 0.1
1 0.10703125 0.28671875 0.05859375 0.10546875
1 0.09296875 0.41015625 0.08203125 0.11328125
1 0.07578125 0.509375 0.08828125 0.15
1 0.1984375 0.646875 0.15 0.25703125
1 0.13125 0.5640625 0.115625 0.17578125
0 0.45546875 0.18515625 0.06953125 0.12578125
1 0.35703125 0.28046875 0.05 0.06875