1 0.0984375 0.7703125 0.15390625 0.28515625
1 0.2734375 0.809375 0.13984375 0.32578125
1 0.84609375 0.63828125 0.128125 0.23359375
1 0.65390625 0.4140625 0.06796875 0.11875
1 0.71953125 0.31484375 0.05546875 0.08125
1 0.62109375 0.26484375 0.04609375 0.0703125
1 0.5265625 0.34609375 0.06796875 0.10390625
1 0.36796875 0.36171875 0.06953125 0.15
1 0.18359375 0.39375 0.07734375 0.1203125
0 0.06640625 0.503125 0.1328125 0.38125
0 0.253125 0.25 0.15078125 0.1890625
1 0.37109375 0.2515625 0.05078125 0.08125
1 0.425 0.28984375 0.053125 0.08671875
1 0.48984375 0.28046875 0.0375 0.06875
1 0.70703125 0.23359375 0.04375 0.06328125
1 0.6578125 0.20390625 0.03125 0.04453125
1 0.71015625 0.17890625 0.03671875 0.04609375
1 0.58828125 0.153125 0.02734375 0.04609375
1 0.44453125 0.228125 0.03984375 0.0484375