0 0.71796875 0.26875 0.15234375 0.1796875
1 0.16796875 0.5515625 0.11015625 0.1890625
1 0.08515625 0.8703125 0.1703125 0.25625
1 0.7359375 0.89296875 0.25625 0.2140625
1 0.48046875 0.60859375 0.12890625 0.240625
1 0.47265625 0.459375 0.08984375 0.1515625
1 0.6484375 0.5 0.13125 0.190625
1 0.7265625 0.42578125 0.11328125 0.15390625
1 0.88203125 0.46171875 0.14296875 0.1515625
1 0.3390625 0.3734375 0.06640625 0.0796875
1 0.4078125 0.34921875 0.08125 0.09453125
1 0.553125 0.28359375 0.06015625 0.078125
1 0.62109375 0.31015625 0.06171875 0.09609375
1 0.23671875 0.415625 0.08125 0.1203125
1 0.1640625 0.303125 0.053125 0.0796875
1 0.3703125 0.29140625 0.05078125 0.059375
1 0.31015625 0.2734375 0.05234375 0.0796875
1 0.44453125 0.2484375 0.05703125 0.0609375