1 0.13671875 0.653125 0.146875 0.21875
1 0.46796875 0.76953125 0.19140625 0.28515625
1 0.6609375 0.628125 0.16875 0.1984375
1 0.80546875 0.4546875 0.10625 0.121875
1 0.80703125 0.359375 0.10390625 0.0890625
1 0.6375 0.34921875 0.08359375 0.0796875
1 0.4671875 0.4984375 0.09609375 0.11640625
1 0.3734375 0.41328125 0.07109375 0.12421875
1 0.43203125 0.384375 0.071875 0.10703125
1 0.50078125 0.3859375 0.07734375 0.10546875
1 0.4546875 0.33203125 0.05859375 0.078125
1 0.21171875 0.434375 0.07109375 0.11640625
1 0.29453125 0.3515625 0.07109375 0.09453125
1 0.1703125 0.35390625 0.08671875 0.09453125
1 0.3171875 0.28984375 0.05234375 0.0609375
1 0.40078125 0.26640625 0.04765625 0.078125
1 0.44765625 0.25625 0.04375 0.071875
1 0.30390625 0.23515625 0.05703125 0.05546875