1 0.14765625 0.48125 0.09140625 0.1390625
1 0.184375 0.396875 0.06171875 0.1015625
1 0.21015625 0.30390625 0.06484375 0.07421875
1 0.13984375 0.30078125 0.05 0.078125
1 0.18984375 0.23984375 0.03515625 0.05390625
1 0.35234375 0.37890625 0.06015625 0.09453125
1 0.38828125 0.50390625 0.10234375 0.140625
1 0.54140625 0.621875 0.12890625 0.17421875
1 0.51328125 0.47421875 0.10078125 0.1484375
1 0.55625 0.409375 0.08359375 0.1015625
1 0.7234375 0.58359375 0.13515625 0.18125
1 0.52578125 0.8390625 0.20703125 0.321875
1 0.80703125 0.459375 0.09609375 0.1109375
1 0.86875 0.425 0.071875 0.09609375
0 0.83984375 0.31875 0.190625 0.2109375
1 0.6375 0.340625 0.06796875 0.07421875
1 0.61171875 0.27890625 0.04609375 0.0609375
0 0.63828125 0.215625 0.053125 0.11640625
1 0.4328125 0.29140625 0.05390625 0.06328125
0 0.34453125 0.265625 0.09296875 0.121875
1 0.35546875 0.18984375 0.02109375 0.040625
1 0.50703125 0.26171875 0.03984375 0.05