0 0.3421875 0.38671875 0.14453125 0.271875
0 0.659375 0.7296875 0.45 0.540625
0 0.31953125 0.259375 0.06875 0.109375
0 0.34765625 0.21484375 0.05390625 0.13359375
1 0.49453125 0.421875 0.07734375 0.13125
1 0.434375 0.2703125 0.04921875 0.08671875
1 0.5734375 0.31484375 0.06171875 0.0984375
1 0.68203125 0.34375 0.06875 0.07578125
1 0.721875 0.425 0.078125 0.1109375
1 0.79140625 0.41640625 0.08828125 0.12421875
1 0.9484375 0.5203125 0.103125 0.15390625
1 0.32890625 0.590625 0.15546875 0.1984375
1 0.1546875 0.359375 0.08828125 0.11640625
1 0.2125 0.33046875 0.065625 0.1015625
1 0.15859375 0.30078125 0.04375 0.0796875
0 0.63671875 0.26328125 0.09765625 0.15546875