0 0.57890625 0.76953125 0.39140625 0.4609375
0 0.64453125 0.265625 0.10859375 0.14609375
0 0.29375 0.18984375 0.065625 0.08671875
1 0.3125 0.3234375 0.05234375 0.08515625
1 0.178125 0.4765625 0.121875 0.16875
1 0.42109375 0.4046875 0.07265625 0.1390625
1 0.47734375 0.53515625 0.08828125 0.1484375
1 0.62578125 0.54375 0.14453125 0.1890625
1 0.70234375 0.71171875 0.17734375 0.2390625
1 0.56171875 0.48515625 0.08359375 0.14609375
1 0.43515625 0.321875 0.05234375 0.08359375
1 0.36640625 0.31171875 0.04375 0.071875
1 0.39765625 0.28203125 0.034375 0.05703125
1 0.44453125 0.27578125 0.05234375 0.08359375
1 0.18125 0.26171875 0.06171875 0.06640625
1 0.21328125 0.31953125 0.05703125 0.08125
1 0.3265625 0.21875 0.034375 0.05
1 0.37109375 0.25703125 0.04296875 0.05703125
1 0.584375 0.30546875 0.05703125 0.059375
1 0.58984375 0.36328125 0.07578125 0.12421875