1 0.103125 0.459375 0.13671875 0.11484375
1 0.12734375 0.375 0.07890625 0.10703125
1 0.20703125 0.328125 0.05625 0.08671875
1 0.45390625 0.46953125 0.06875 0.140625
1 0.59453125 0.52109375 0.11171875 0.140625
1 0.55859375 0.64921875 0.178125 0.23125
1 0.909375 0.8375 0.18125 0.325
1 0.87265625 0.4546875 0.115625 0.1703125
1 0.59140625 0.359375 0.09453125 0.140625
1 0.43828125 0.271875 0.04609375 0.06640625
1 0.40234375 0.28125 0.05 0.06484375
1 0.33984375 0.25078125 0.03359375 0.0515625
1 0.2921875 0.26640625 0.02421875 0.06328125
0 0.29140625 0.19921875 0.06171875 0.07578125
0 0.3484375 0.4046875 0.15625 0.29453125