0 0.47734375 0.4984375 0.084375 0.26328125
1 0.61171875 0.63984375 0.07265625 0.14609375
1 0.56640625 0.47890625 0.03515625 0.0703125
1 0.61640625 0.46015625 0.04296875 0.071875
1 0.71171875 0.56015625 0.071875 0.121875
1 0.5453125 0.409375 0.025 0.05546875
1 0.59453125 0.41953125 0.03125 0.0515625
1 0.5640625 0.359375 0.01953125 0.05390625
0 0.52421875 0.340625 0.03515625 0.06328125
1 0.58671875 0.35546875 0.02421875 0.04296875
1 0.7484375 0.484375 0.04375 0.06875
1 0.8109375 0.54921875 0.06796875 0.1
1 0.88203125 0.63125 0.0875 0.121875
1 0.9328125 0.596875 0.084375 0.0984375
1 0.965625 0.728125 0.06875 0.11640625
0 0.87578125 0.47109375 0.1375 0.15546875
0 0.76171875 0.3796875 0.075 0.090625
1 0.75703125 0.453125 0.040625 0.03515625
1 0.696875 0.43125 0.03671875 0.04609375
1 0.66796875 0.403125 0.02734375 0.04296875