0 0.47421875 0.5015625 0.08046875 0.25
0 0.60859375 0.65390625 0.1375 0.43671875
1 0.75390625 0.61484375 0.07578125 0.1203125
1 0.81171875 0.8796875 0.17734375 0.240625
1 0.9 0.846875 0.14609375 0.1984375
1 0.85625 0.6140625 0.084375 0.10390625
1 0.8109375 0.51796875 0.05859375 0.0703125
1 0.76171875 0.4703125 0.03359375 0.059375
1 0.72265625 0.478125 0.03125 0.05390625
0 0.765625 0.4015625 0.06875 0.08125
0 0.896875 0.48359375 0.10234375 0.11875
1 0.59140625 0.38828125 0.01953125 0.040625
1 0.54609375 0.41484375 0.03125 0.040625
1 0.55390625 0.3765625 0.02578125 0.0390625
1 0.43046875 0.3390625 0.01953125 0.0390625
0 0.69296875 0.371875 0.04296875 0.059375
1 0.68828125 0.43515625 0.02578125 0.059375
1 0.52890625 0.34453125 0.01875 0.03359375