0 0.49453125 0.44453125 0.05546875 0.15546875
0 0.56796875 0.60703125 0.09296875 0.25390625
1 0.62890625 0.5609375 0.03984375 0.0796875
1 0.61953125 0.496875 0.03359375 0.05
1 0.71328125 0.71953125 0.10625 0.171875
1 0.81953125 0.7296875 0.121875 0.1484375
0 0.95625 0.54921875 0.0875 0.13671875
0 0.85234375 0.49921875 0.11171875 0.15390625
0 0.725 0.4140625 0.04609375 0.06484375
1 0.7421875 0.4796875 0.034375 0.05703125
1 0.71328125 0.4953125 0.0375 0.04296875
1 0.67734375 0.459375 0.03671875 0.03671875
1 0.59921875 0.459375 0.03515625 0.04453125
1 0.4171875 0.375 0.02109375 0.028125
1 0.65625 0.39296875 0.01640625 0.021875
1 0.69296875 0.39296875 0.01171875 0.0296875