1 0.36015625 0.19296875 0.096875 0.09296875
0 0.51484375 0.14296875 0.20390625 0.171875
1 0.64765625 0.640625 0.13046875 0.19609375
1 0.8046875 0.89296875 0.190625 0.2140625
1 0.78828125 0.56640625 0.14609375 0.17421875
1 0.915625 0.759375 0.16875 0.225
1 0.86875 0.503125 0.16171875 0.15390625
1 0.8984375 0.24375 0.08359375 0.1203125
1 0.78515625 0.13671875 0.05234375 0.0703125
1 0.63984375 0.10859375 0.05234375 0.06875
1 0.67109375 0.02421875 0.04453125 0.040625
1 0.72265625 0.01953125 0.04375 0.0390625
1 0.33046875 0.04140625 0.040625 0.040625