1 0.39140625 0.33828125 0.08828125 0.10703125
1 0.46796875 0.29609375 0.09375 0.1
1 0.55078125 0.265625 0.053125 0.1015625
1 0.52734375 0.19140625 0.08203125 0.07421875
1 0.19375 0.19375 0.090625 0.071875
1 0.10703125 0.14921875 0.075 0.06640625
1 0.553125 0.459375 0.11875 0.1390625
1 0.678125 0.725 0.17421875 0.24296875
0 0.896875 0.68515625 0.20625 0.4671875
0 0.81484375 0.3484375 0.21328125 0.21328125
1 0.65234375 0.203125 0.075 0.090625
1 0.70859375 0.184375 0.06171875 0.0796875
1 0.59765625 0.13515625 0.04140625 0.05
1 0.6609375 0.14140625 0.03828125 0.06328125
1 0.42890625 0.12578125 0.04296875 0.08125
1 0.38984375 0.10625 0.0375 0.05546875
1 0.63515625 0.11328125 0.02890625 0.05