1 0.48046875 0.48671875 0.1125 0.1296875
1 0.58828125 0.4234375 0.10234375 0.11328125
1 0.76796875 0.66796875 0.15 0.18515625
0 0.73046875 0.2609375 0.19921875 0.25
1 0.60078125 0.33359375 0.0875 0.0796875
1 0.84609375 0.29140625 0.04609375 0.1
1 0.928125 0.35390625 0.10703125 0.13359375
1 0.47578125 0.32890625 0.08984375 0.09296875
1 0.38671875 0.353125 0.090625 0.0984375
1 0.28828125 0.2765625 0.071875 0.1
1 0.36953125 0.2515625 0.08203125 0.07421875
1 0.35234375 0.17890625 0.08359375 0.0796875
1 0.27109375 0.20703125 0.05625 0.05390625
1 0.21015625 0.23515625 0.07109375 0.06875
1 0.14296875 0.2 0.07265625 0.05703125
1 0.05546875 0.17109375 0.078125 0.0609375
0 0.13515625 0.12421875 0.19609375 0.10703125
1 0.28125 0.09453125 0.034375 0.04609375
1 0.4875 0.10859375 0.02890625 0.040625
1 0.47421875 0.06015625 0.03046875 0.04453125
1 0.50625 0.03125 0.02734375 0.03671875
1 0.40234375 0.040625 0.03125 0.05546875
1 0.334375 0.0203125 0.01953125 0.03359375
1 0.63046875 0.1140625 0.028125 0.040625
1 0.609375 0.04609375 0.02265625 0.04609375
1 0.79609375 0.03984375 0.02109375 0.0484375