0 0.77265625 0.29140625 0.15234375 0.240625
0 0.6328125 0.16015625 0.075 0.15
0 0.3875 0.85390625 0.18046875 0.28671875
1 0.16015625 0.44609375 0.08046875 0.0890625
1 0.15390625 0.33671875 0.06953125 0.08515625
1 0.26640625 0.25546875 0.05 0.07421875
1 0.3421875 0.22421875 0.040625 0.078125
1 0.51796875 0.19375 0.03125 0.06484375
1 0.53984375 0.17421875 0.0375 0.05546875
1 0.59140625 0.2859375 0.0375 0.11484375
1 0.70859375 0.45 0.10234375 0.19609375
1 0.60078125 0.83984375 0.09140625 0.28515625
1 0.97421875 0.475 0.05078125 0.12578125
1 0.91328125 0.2953125 0.05625 0.0796875
1 0.89609375 0.21640625 0.046875 0.09609375
1 0.86328125 0.2765625 0.03984375 0.1109375
1 0.83125 0.24609375 0.03046875 0.059375
1 0.66328125 0.23359375 0.053125 0.11328125
1 0.703125 0.17109375 0.03984375 0.04609375
1 0.4421875 0.08828125 0.02265625 0.05546875
1 0.53671875 0.128125 0.03359375 0.06484375
1 0.56953125 0.10703125 0.0125 0.0609375