1 0.21484375 0.26640625 0.071875 0.09609375
1 0.3515625 0.18515625 0.06640625 0.05703125
1 0.42109375 0.16953125 0.05078125 0.05
1 0.40078125 0.13203125 0.028125 0.03359375
1 0.6125 0.24296875 0.04453125 0.04453125
1 0.59921875 0.184375 0.04296875 0.07578125
1 0.63359375 0.18828125 0.040625 0.06640625
1 0.54765625 0.115625 0.03984375 0.03671875
1 0.51875 0.09375 0.01875 0.0296875
1 0.56640625 0.07890625 0.02109375 0.03671875
1 0.69140625 0.14296875 0.03125 0.06640625
1 0.70546875 0.128125 0.015625 0.03359375
1 0.7484375 0.21953125 0.04296875 0.08671875
1 0.22421875 0.16015625 0.04453125 0.06875
0 0.40390625 0.84296875 0.1828125 0.3140625
0 0.58125 0.0515625 0.03515625 0.08359375
0 0.6078125 0.09296875 0.04140625 0.078125
0 0.890625 0.2953125 0.21875 0.25