0 0.39296875 0.84609375 0.19140625 0.30703125
1 0.02890625 0.44375 0.05703125 0.121875
1 0.48203125 0.35 0.04296875 0.08359375
1 0.3234375 0.209375 0.034375 0.0609375
1 0.40234375 0.16484375 0.02890625 0.04609375
1 0.58671875 0.284375 0.05390625 0.06875
1 0.75546875 0.30390625 0.0625 0.06640625
1 0.78046875 0.24453125 0.0375 0.05703125
1 0.85390625 0.34140625 0.05390625 0.090625
1 0.96171875 0.4296875 0.06484375 0.09453125
1 0.88359375 0.221875 0.03359375 0.06328125
1 0.84921875 0.1984375 0.0375 0.06328125
0 0.634375 0.1953125 0.08671875 0.13515625
1 0.93671875 0.16640625 0.04921875 0.06875
1 0.22265625 0.14453125 0.03359375 0.0515625
1 0.26953125 0.1234375 0.03046875 0.05
1 0.565625 0.0734375 0.02578125 0.0390625