0 0.57265625 0.184375 0.071875 0.13125
0 0.39921875 0.09296875 0.04453125 0.078125
0 0.4609375 0.04921875 0.028125 0.06875
0 0.5796875 0.06484375 0.034375 0.06640625
1 0.11953125 0.34453125 0.05625 0.12421875
1 0.3953125 0.796875 0.12421875 0.26484375
1 0.5453125 0.4953125 0.071875 0.23671875
1 0.44609375 0.26875 0.046875 0.1
1 0.46796875 0.15546875 0.01796875 0.07578125
1 0.3671875 0.18671875 0.03515625 0.0484375
1 0.3 0.2234375 0.06796875 0.07421875
1 0.259375 0.253125 0.03671875 0.08359375
1 0.39609375 0.165625 0.04140625 0.03671875
1 0.81875 0.184375 0.04921875 0.06328125