1 0.39296875 0.790625 0.10703125 0.21875
1 0.29921875 0.58203125 0.07421875 0.140625
1 0.53671875 0.496875 0.06875 0.11484375
1 0.47421875 0.353125 0.04921875 0.07578125
1 0.46484375 0.27578125 0.03828125 0.06484375
1 0.4453125 0.20703125 0.03125 0.05703125
1 0.38828125 0.23828125 0.03828125 0.05390625
1 0.41640625 0.18203125 0.02734375 0.05390625
1 0.33046875 0.2109375 0.040625 0.04609375
1 0.24765625 0.259375 0.04375 0.059375
1 0.159375 0.33984375 0.065625 0.071875
1 0.05625 0.43203125 0.08203125 0.1
1 0.29140625 0.19609375 0.03203125 0.04453125
1 0.225 0.15390625 0.028125 0.0484375
0 0.40078125 0.0984375 0.05 0.0703125
1 0.48515625 0.09609375 0.02578125 0.0484375
1 0.44375 0.11484375 0.02265625 0.040625
1 0.72734375 0.134375 0.03203125 0.059375
0 0.53671875 0.065625 0.03125 0.0609375