1 0.21875 0.89140625 0.13671875 0.21640625
1 0.09453125 0.76953125 0.12578125 0.19453125
1 0.05 0.9328125 0.1 0.134375
1 0.17265625 0.6390625 0.08671875 0.1296875
1 0.43515625 0.6359375 0.09609375 0.1609375
1 0.4265625 0.84375 0.10859375 0.21875
1 0.5890625 0.90078125 0.121875 0.1984375
1 0.5765625 0.71953125 0.10625 0.16875
1 0.9546875 0.6265625 0.090625 0.18671875
1 0.3953125 0.25390625 0.03515625 0.0703125
0 0.40546875 0.1453125 0.065625 0.1
0 0.3390625 0.18828125 0.065625 0.11640625
1 0.27265625 0.20625 0.04296875 0.04609375
1 0.54765625 0.1390625 0.03046875 0.04453125
1 0.465625 0.1015625 0.02734375 0.04453125
1 0.22890625 0.146875 0.02890625 0.0390625
1 0.27421875 0.11640625 0.02890625 0.0484375