0 0.175 0.3296875 0.175 0.20390625
0 0.04296875 0.59453125 0.08515625 0.30390625
1 0.09921875 0.778125 0.12734375 0.19609375
1 0.05703125 0.934375 0.10546875 0.13125
1 0.215625 0.8921875 0.121875 0.215625
1 0.43828125 0.63984375 0.07578125 0.14453125
1 0.42890625 0.83046875 0.103125 0.1984375
1 0.5875 0.90234375 0.125 0.1953125
1 0.58125 0.72578125 0.10703125 0.17421875
1 0.23046875 0.50390625 0.08828125 0.121875
1 0.17578125 0.63125 0.07578125 0.1515625
1 0.29375 0.17421875 0.04765625 0.06484375
1 0.328125 0.20859375 0.040625 0.05
1 0.4546875 0.16015625 0.02890625 0.04296875
1 0.3734375 0.146875 0.03046875 0.0484375
1 0.434375 0.1109375 0.02421875 0.040625
0 0.39375 0.096875 0.04296875 0.071875
1 0.521875 0.12578125 0.03046875 0.05390625
1 0.55546875 0.109375 0.02578125 0.04609375
1 0.22734375 0.1359375 0.03359375 0.05390625
1 0.27109375 0.10859375 0.02578125 0.0390625