1 0.95390625 0.39921875 0.07265625 0.0703125
1 0.55 0.7265625 0.07421875 0.14296875
1 0.5578125 0.90625 0.08984375 0.16328125
1 0.41953125 0.9296875 0.109375 0.140625
1 0.4171875 0.72109375 0.07109375 0.12578125
1 0.44765625 0.565625 0.06640625 0.14453125
1 0.20859375 0.92421875 0.10390625 0.1515625
1 0.284375 0.7453125 0.08125 0.20390625
1 0.31953125 0.62109375 0.065625 0.14453125
1 0.35 0.55 0.06171875 0.109375
0 0.4171875 0.29375 0.04140625 0.13359375
0 0.13671875 0.48359375 0.19296875 0.31875
0 0.24609375 0.35390625 0.071875 0.16875
0 0.28671875 0.28828125 0.09140625 0.13515625
0 0.3578125 0.25078125 0.05390625 0.10703125
1 0.1375 0.78046875 0.07890625 0.1203125