1 0.175 0.58359375 0.09921875 0.22578125
1 0.36953125 0.5765625 0.09609375 0.21328125
1 0.434375 0.4296875 0.06875 0.11328125
1 0.57890625 0.5140625 0.121875 0.16484375
1 0.68515625 0.38671875 0.08359375 0.09296875
1 0.715625 0.340625 0.071875 0.05546875
1 0.89921875 0.4 0.12578125 0.08125
1 0.903125 0.53671875 0.12578125 0.15546875
1 0.5578125 0.284375 0.04765625 0.090625
1 0.475 0.34921875 0.059375 0.08125
1 0.43203125 0.3046875 0.03359375 0.05703125
1 0.40390625 0.3484375 0.05625 0.09296875
1 0.34765625 0.3796875 0.06484375 0.11484375
1 0.33046875 0.29921875 0.06328125 0.05546875
1 0.2265625 0.3890625 0.04609375 0.1
1 0.16640625 0.346875 0.071875 0.09609375
1 0.28125 0.32578125 0.03671875 0.090625
1 0.38671875 0.25 0.05 0.05546875