1 0.59609375 0.81953125 0.13828125 0.26875
1 0.69375 0.653125 0.153125 0.2203125
1 0.66171875 0.5 0.121875 0.11875
1 0.78671875 0.4515625 0.109375 0.11484375
0 0.94921875 0.36328125 0.10078125 0.2296875
1 0.6921875 0.3390625 0.06640625 0.0703125
1 0.58046875 0.31015625 0.05078125 0.06875
1 0.5484375 0.40859375 0.07109375 0.1015625
1 0.46015625 0.45703125 0.08515625 0.121875
1 0.37421875 0.59921875 0.153125 0.20546875
1 0.353125 0.4109375 0.090625 0.13125
1 0.42265625 0.36640625 0.06875 0.0984375
1 0.10546875 0.45546875 0.15703125 0.16484375
1 0.17890625 0.38671875 0.06328125 0.1109375
1 0.14375 0.28828125 0.03984375 0.0890625
1 0.209375 0.296875 0.05625 0.07578125
1 0.3171875 0.321875 0.05625 0.09296875
1 0.375 0.3 0.03828125 0.08125
1 0.45078125 0.2984375 0.05546875 0.071875