0 0.5109375 0.57109375 0.22734375 0.44296875
1 0.7359375 0.60625 0.13046875 0.21640625
1 0.74453125 0.4359375 0.08515625 0.0984375
1 0.84765625 0.43828125 0.10859375 0.1015625
1 0.128125 0.59375 0.08828125 0.190625
1 0.2125 0.421875 0.078125 0.10703125
0 0.3078125 0.31875 0.08671875 0.19296875
1 0.20625 0.321875 0.04296875 0.07421875
1 0.14453125 0.3046875 0.04921875 0.09453125
1 0.17578125 0.259375 0.034375 0.05
1 0.41484375 0.31171875 0.05625 0.071875
1 0.5625 0.31015625 0.040625 0.078125
1 0.61875 0.29453125 0.028125 0.059375
1 0.44375 0.26640625 0.06328125 0.04609375
0 0.76171875 0.309375 0.18125 0.17578125