0 0.434375 0.69140625 0.23828125 0.571875
1 0.1875 0.63359375 0.078125 0.22421875
1 0.11796875 0.396875 0.05390625 0.14453125
1 0.19453125 0.40546875 0.06015625 0.12578125
1 0.21015625 0.32578125 0.06875 0.08125
0 0.3640625 0.33359375 0.1 0.1609375
0 0.43203125 0.2984375 0.12734375 0.18125
1 0.68515625 0.3953125 0.08828125 0.0609375
1 0.9390625 0.59375 0.121875 0.171875
1 0.68359375 0.33203125 0.059375 0.05390625
1 0.62109375 0.31015625 0.040625 0.0609375
1 0.51171875 0.32421875 0.04453125 0.0515625
1 0.30390625 0.28984375 0.03046875 0.07421875