1 0.59453125 0.8640625 0.18828125 0.259375
1 0.678125 0.64921875 0.153125 0.19453125
1 0.1859375 0.6296875 0.11640625 0.23515625
1 0.09453125 0.44375 0.14140625 0.11328125
1 0.19921875 0.328125 0.05 0.09453125
0 0.32421875 0.3484375 0.08515625 0.2
1 0.42578125 0.3734375 0.05234375 0.06875
1 0.50078125 0.48125 0.065625 0.1296875
1 0.59140625 0.371875 0.09375 0.1
1 0.96484375 0.53203125 0.06953125 0.16484375
1 0.45234375 0.32109375 0.059375 0.08671875
1 0.40703125 0.29296875 0.0375 0.0703125
1 0.3265625 0.21953125 0.03046875 0.06328125