1 0.37265625 0.69296875 0.14609375 0.221875
1 0.40546875 0.5203125 0.084375 0.13671875
1 0.4828125 0.47421875 0.06484375 0.140625
1 0.64765625 0.58828125 0.10546875 0.1703125
1 0.85234375 0.48984375 0.09453125 0.13125
1 0.59140625 0.37109375 0.08671875 0.11640625
1 0.50078125 0.3953125 0.08046875 0.10546875
1 0.44453125 0.34375 0.0625 0.0515625
1 0.3546875 0.2765625 0.04765625 0.05703125
0 0.30234375 0.23671875 0.03984375 0.10390625
1 0.39375 0.26640625 0.03671875 0.08359375
1 0.44375 0.26875 0.03515625 0.06328125
1 0.14140625 0.32890625 0.08203125 0.1203125