1 0.1953125 0.48515625 0.11484375 0.15
1 0.13828125 0.39453125 0.0625 0.0984375
1 0.303125 0.340625 0.040625 0.09296875
1 0.37890625 0.32421875 0.05390625 0.10546875
1 0.45390625 0.33828125 0.04921875 0.090625
1 0.47734375 0.44921875 0.08203125 0.090625
1 0.58203125 0.3609375 0.09921875 0.09609375
1 0.5890625 0.2765625 0.0375 0.071875
1 0.878125 0.5953125 0.115625 0.21328125
1 0.8890625 0.484375 0.17578125 0.08671875
0 0.51015625 0.7453125 0.31640625 0.509375
1 0.71171875 0.84921875 0.21328125 0.2796875
0 0.29765625 0.21640625 0.040625 0.08515625
1 0.3484375 0.25859375 0.02734375 0.03515625