1 0.66015625 0.784375 0.23984375 0.43125
1 0.921875 0.8171875 0.15625 0.365625
1 0.58984375 0.5359375 0.09921875 0.159375
1 0.4734375 0.48671875 0.07734375 0.29296875
1 0.5640625 0.428125 0.02265625 0.1
1 0.59765625 0.42578125 0.034375 0.059375
1 0.66484375 0.490625 0.05390625 0.08671875
1 0.75546875 0.496875 0.04375 0.06875
1 0.82109375 0.540625 0.04375 0.07578125
1 0.88515625 0.615625 0.04765625 0.090625
1 0.93203125 0.58203125 0.05703125 0.0984375
1 0.915625 0.48125 0.16640625 0.13359375
1 0.76796875 0.45625 0.034375 0.05546875
1 0.79375 0.43359375 0.034375 0.07421875
1 0.5140625 0.334375 0.04609375 0.0890625
1 0.58203125 0.33046875 0.046875 0.06640625