1 0.74921875 0.834375 0.20859375 0.3015625
0 0.92109375 0.68125 0.15703125 0.43671875
0 0.9171875 0.3890625 0.165625 0.26328125
1 0.62109375 0.54375 0.15078125 0.18359375
1 0.43671875 0.36796875 0.11875 0.1796875
1 0.52890625 0.32578125 0.115625 0.19296875
1 0.49609375 0.17578125 0.09296875 0.1296875
1 0.4046875 0.1109375 0.06484375 0.1109375
1 0.26328125 0.21328125 0.10078125 0.08125
1 0.20546875 0.14453125 0.08359375 0.07421875
1 0.36640625 0.08515625 0.0375 0.109375
1 0.75078125 0.25703125 0.08671875 0.1203125
1 0.62421875 0.2984375 0.04140625 0.15546875
1 0.80390625 0.34140625 0.053125 0.121875
1 0.625 0.18359375 0.08125 0.09296875
1 0.69296875 0.16640625 0.05234375 0.08515625