1 0.67109375 0.7703125 0.16015625 0.24296875
1 0.91171875 0.75390625 0.16796875 0.20703125
1 0.64140625 0.48984375 0.17578125 0.128125
1 0.46796875 0.46484375 0.09375 0.11328125
1 0.384375 0.3203125 0.10078125 0.1
1 0.4375 0.22578125 0.07578125 0.1
1 0.3015625 0.24296875 0.09765625 0.06640625
0 0.2859375 0.1484375 0.2 0.178125
1 0.12265625 0.18515625 0.08984375 0.0515625
0 0.5734375 0.296875 0.21015625 0.1703125
1 0.6734375 0.25390625 0.05703125 0.06328125
0 0.8578125 0.4109375 0.284375 0.328125
1 0.73515625 0.2 0.06640625 0.059375
1 0.65703125 0.11015625 0.04921875 0.05
1 0.5890625 0.11484375 0.04609375 0.040625
1 0.575 0.059375 0.04296875 0.04453125
1 0.48359375 0.07109375 0.04921875 0.04296875