1 0.94765625 0.825 0.10390625 0.21328125
1 0.73046875 0.803125 0.20078125 0.2390625
1 0.790625 0.61171875 0.17421875 0.1890625
0 0.7859375 0.34296875 0.3125 0.36875
1 0.6 0.44921875 0.08671875 0.2796875
1 0.5046875 0.4796875 0.07890625 0.16640625
1 0.3875 0.346875 0.08203125 0.11640625
1 0.42421875 0.2734375 0.09453125 0.12578125
0 0.415625 0.16640625 0.21171875 0.21484375
1 0.30625 0.27421875 0.04921875 0.16640625
1 0.2109375 0.221875 0.0625 0.06640625
0 0.22421875 0.109375 0.13046875 0.15390625
1 0.05078125 0.13046875 0.1015625 0.0671875
1 0.63515625 0.159375 0.0875 0.05703125
0 0.57109375 0.065625 0.07265625 0.109375