1 0.5828125 0.671875 0.15546875 0.19296875
1 0.7625 0.659375 0.14296875 0.19296875
1 0.93359375 0.9296875 0.13203125 0.140625
1 0.934375 0.565625 0.13125 0.15625
1 0.66875 0.4953125 0.15546875 0.1703125
1 0.50703125 0.4640625 0.11328125 0.13515625
1 0.38828125 0.3765625 0.09375 0.14296875
1 0.42421875 0.30078125 0.10390625 0.109375
1 0.521875 0.3390625 0.08203125 0.121875
1 0.55078125 0.2484375 0.08671875 0.11484375
0 0.63203125 0.159375 0.13828125 0.21484375
1 0.82734375 0.3609375 0.08515625 0.10390625
1 0.85546875 0.28671875 0.09375 0.10703125
1 0.77578125 0.24453125 0.04609375 0.121875
1 0.721875 0.2015625 0.06328125 0.1109375
1 0.96796875 0.38359375 0.06328125 0.16328125
1 0.303125 0.303125 0.053125 0.13515625
1 0.23671875 0.259375 0.04296875 0.14453125
1 0.3015625 0.20390625 0.09609375 0.05546875
0 0.34921875 0.13359375 0.20546875 0.178125
1 0.15390625 0.203125 0.08359375 0.090625