1 0.44609375 0.4546875 0.13203125 0.109375
1 0.5296875 0.38828125 0.11015625 0.1
1 0.34765625 0.3515625 0.09140625 0.07421875
1 0.396875 0.30390625 0.103125 0.06484375
1 0.1734375 0.246875 0.0625 0.07578125
1 0.27265625 0.2890625 0.053125 0.08125
1 0.29765625 0.2515625 0.07421875 0.10390625
1 0.38203125 0.22890625 0.07890625 0.07578125
1 0.3765625 0.1296875 0.0625 0.07421875
1 0.45625 0.14453125 0.02421875 0.0703125
1 0.48984375 0.15 0.02578125 0.059375
1 0.47734375 0.09375 0.03671875 0.04296875
0 0.63359375 0.20078125 0.09609375 0.16875
1 0.7375 0.30859375 0.06328125 0.1203125
0 0.8859375 0.409375 0.20390625 0.321875
1 0.90625 0.83046875 0.1875 0.2921875
1 0.103125 0.19609375 0.065625 0.06328125
1 0.17421875 0.16953125 0.05859375 0.05546875
1 0.05859375 0.21875 0.07421875 0.05546875