0 0.9 0.40078125 0.2 0.3203125
1 0.27109375 0.28828125 0.07265625 0.11640625
1 0.28671875 0.23125 0.0625 0.059375
1 0.18515625 0.24375 0.10859375 0.06484375
1 0.14609375 0.209375 0.08984375 0.05546875
1 0.06875 0.21640625 0.084375 0.05703125
1 0.228125 0.1703125 0.065625 0.07578125
1 0.38828125 0.13203125 0.075 0.06484375
1 0.46640625 0.13046875 0.03984375 0.06484375
1 0.478125 0.11015625 0.034375 0.06640625
1 0.50703125 0.1609375 0.04296875 0.05390625
1 0.52734375 0.09140625 0.03671875 0.03515625