1 0.17109375 0.396875 0.078125 0.121875
1 0.19609375 0.31328125 0.05390625 0.09296875
1 0.26484375 0.23515625 0.04296875 0.06640625
1 0.36171875 0.196875 0.03046875 0.06484375
0 0.38515625 0.8453125 0.13125 0.21640625
1 0.58515625 0.76484375 0.09140625 0.20390625
1 0.584375 0.94765625 0.1125 0.1046875
1 0.79140625 0.55078125 0.11953125 0.1390625
0 0.82109375 0.30703125 0.15 0.1890625
1 0.63828125 0.35546875 0.06015625 0.140625
1 0.68046875 0.26796875 0.0875 0.10390625
0 0.64765625 0.184375 0.08984375 0.14609375
1 0.71953125 0.15859375 0.05859375 0.11328125
1 0.53046875 0.2296875 0.04296875 0.05546875
1 0.54453125 0.18125 0.04453125 0.08515625
1 0.946875 0.19609375 0.09453125 0.09296875
1 0.90234375 0.2703125 0.0875 0.10390625