0 0.3984375 0.8375 0.1875 0.325
1 0.59921875 0.95 0.11328125 0.1
1 0.71328125 0.359375 0.09921875 0.11484375
1 0.8875 0.4296875 0.11015625 0.11328125
1 0.84921875 0.31171875 0.06796875 0.07578125
1 0.65234375 0.25078125 0.05625 0.0796875
1 0.68359375 0.21640625 0.06015625 0.09453125
1 0.71796875 0.17421875 0.05625 0.12578125
1 0.73671875 0.1234375 0.04453125 0.06484375
1 0.52109375 0.13203125 0.03046875 0.05546875
1 0.5484375 0.1515625 0.03359375 0.08515625
1 0.38671875 0.1609375 0.028125 0.06640625
1 0.246875 0.23203125 0.06328125 0.0890625
1 0.03203125 0.83984375 0.059375 0.271875
1 0.4453125 0.13046875 0.02109375 0.0609375
1 0.425 0.10546875 0.021875 0.06640625
1 0.48671875 0.08515625 0.02265625 0.04453125
1 0.60703125 0.1109375 0.04296875 0.08125
0 0.94375 0.359375 0.1125 0.228125