1 0.78046875 0.53515625 0.10859375 0.17578125
0 0.3921875 0.8375 0.159375 0.325
1 0.1234375 0.72109375 0.13125 0.33125
1 0.17890625 0.303125 0.07109375 0.14609375
1 0.46171875 0.22109375 0.05703125 0.0984375
1 0.41796875 0.11484375 0.040625 0.0484375
1 0.02421875 0.4171875 0.0484375 0.16875
1 0.85078125 0.38828125 0.08125 0.13125
0 0.68125 0.25078125 0.10703125 0.20546875
1 0.76875 0.271875 0.03984375 0.10390625
1 0.884375 0.21015625 0.046875 0.1
1 0.96328125 0.46328125 0.07265625 0.16640625
1 0.84140625 0.21796875 0.03359375 0.1015625
1 0.9328125 0.153125 0.06875 0.128125
1 0.55859375 0.08203125 0.059375 0.0609375