1 0.309375 0.4015625 0.084375 0.159375
1 0.5578125 0.7515625 0.08671875 0.23359375
0 0.39296875 0.84140625 0.16015625 0.28359375
1 0.6015625 0.953125 0.125 0.09375
1 0.79375 0.38828125 0.12109375 0.09453125
1 0.87109375 0.28515625 0.05703125 0.06484375
1 0.88203125 0.20859375 0.05078125 0.06875
1 0.821875 0.21875 0.0625 0.10390625
1 0.7265625 0.18984375 0.059375 0.06875
1 0.753125 0.29921875 0.07109375 0.05
1 0.61796875 0.25546875 0.06015625 0.0984375
1 0.62265625 0.175 0.046875 0.0484375
1 0.5953125 0.1234375 0.03359375 0.05546875
1 0.51484375 0.13671875 0.02421875 0.0515625
1 0.9640625 0.209375 0.071875 0.08515625