1776514630570 0.04019 0
1776514872863 0.04646 1
1776515106746 0.02617 2
1776515342112 0.02194 3
1776515577473 0.03497 4
1776515809699 0.02279 5
1776516041345 0.01788 6
1776516366702 0.00148 7
1776516769585 0.00339 8
1776517191920 0.01301 9
1776517613096 0.02128 10
1776517982381 0.006 11
1776518353307 0.00321 12
1776518708681 0.00944 13
1776519076884 0.02021 14
1776519443989 0.00271 15
1776519811322 0.00104 16
1776520177556 0.00265 17
1776520543697 0.0013 18
1776520910182 0.0016 19
1776521274272 0.00351 20
1776521605103 0.02655 21
1776521899081 0.02056 22
1776522194805 0.00879 23
1776522491954 0.00294 24
1776522789735 0.00042 25
1776523085024 0.009 26
1776523378454 0.00538 27
1776523675815 0.00337 28
1776523963986 0.00308 29
1776524019454 0.040509678166891556 29
