1776514630570 0.01159 0
1776514872863 0.01088 1
1776515106746 0.00447 2
1776515342112 0.00392 3
1776515577473 0.00703 4
1776515809699 0.00493 5
1776516041345 0.00388 6
1776516366702 0.00022 7
1776516769585 0.00058 8
1776517191920 0.00246 9
1776517613096 0.00399 10
1776517982381 0.00098 11
1776518353307 0.00052 12
1776518708681 0.00133 13
1776519076884 0.00357 14
1776519443989 0.00042 15
1776519811322 0.00018 16
1776520177556 0.0005 17
1776520543697 0.00016 18
1776520910182 0.00034 19
1776521274272 0.00065 20
1776521605103 0.00471 21
1776521899081 0.00433 22
1776522194805 0.00412 23
1776522491954 0.00057 24
1776522789735 8e-05 25
1776523085024 0.00356 26
1776523378454 0.00146 27
1776523675815 0.00051 28
1776523963986 0.00044 29
1776524019454 0.011595859268264858 29
