1776514630570 0.01343 0
1776514872863 0.01253 1
1776515106746 0.01079 2
1776515342112 0.01299 3
1776515577473 0.01546 4
1776515809699 0.01494 5
1776516041345 0.01908 6
1776516366702 0.00931 7
1776516769585 0.01178 8
1776517191920 0.01997 9
1776517613096 0.02019 10
1776517982381 0.01531 11
1776518353307 0.02349 12
1776518708681 0.02624 13
1776519076884 0.0462 14
1776519443989 0.01965 15
1776519811322 0.02004 16
1776520177556 0.05103 17
1776520543697 0.03497 18
1776520910182 0.04402 19
1776521274272 0.02495 20
1776521605103 0.08706 21
1776521899081 0.05585 22
1776522194805 0.02601 23
1776522491954 0.0392 24
1776522789735 0.01686 25
1776523085024 0.05875 26
1776523378454 0.08696 27
1776523675815 0.06633 28
1776523963986 0.06481 29
1776524019454 0.013501038541426263 29
