1776514630570 0.71941 0
1776514872863 0.71817 1
1776515106746 0.51422 2
1776515342112 0.58096 3
1776515577473 0.62299 4
1776515809699 0.55995 5
1776516041345 0.51916 6
1776516366702 0.15575 7
1776516769585 0.27812 8
1776517191920 0.39061 9
1776517613096 0.44747 10
1776517982381 0.29543 11
1776518353307 0.13103 12
1776518708681 0.15575 13
1776519076884 0.31768 14
1776519443989 0.12855 15
1776519811322 0.03956 16
1776520177556 0.04574 17
1776520543697 0.03337 18
1776520910182 0.03956 19
1776521274272 0.10878 20
1776521605103 0.23609 21
1776521899081 0.18418 22
1776522194805 0.12855 23
1776522491954 0.0581 24
1776522789735 0.02349 25
1776523085024 0.0618 26
1776523378454 0.03956 27
1776523675815 0.03214 28
1776523963986 0.03461 29
1776524019454 0.723114956736712 29
